["{\"type\":\"list\",\"attributes\":{\"names\":{\"type\":\"character\",\"attributes\":{},\"value\":[\"coef\",\"sigma2\",\"var.coef\",\"mask\",\"loglik\",\"aic\",\"arma\",\"residuals\",\"call\",\"series\",\"code\",\"n.cond\",\"nobs\",\"model\",\"bic\",\"aicc\",\"x\",\"fitted\"]},\"class\":{\"type\":\"character\",\"attributes\":{},\"value\":[\"forecast_ARIMA\",\"ARIMA\",\"Arima\"]}},\"value\":[{\"type\":\"double\",\"attributes\":{\"names\":{\"type\":\"character\",\"attributes\":{},\"value\":[\"ma1\",\"ma2\",\"ma3\",\"ma4\",\"ma5\"]}},\"value\":[-0.25190586,-0.06740154,-0.05957683,-0.11349503,-0.13563244]},{\"type\":\"double\",\"attributes\":{},\"value\":[13.31949538]},{\"type\":\"double\",\"attributes\":{\"dim\":{\"type\":\"integer\",\"attributes\":{},\"value\":[5,5]},\"dimnames\":{\"type\":\"list\",\"attributes\":{},\"value\":[{\"type\":\"character\",\"attributes\":{},\"value\":[\"ma1\",\"ma2\",\"ma3\",\"ma4\",\"ma5\"]},{\"type\":\"character\",\"attributes\":{},\"value\":[\"ma1\",\"ma2\",\"ma3\",\"ma4\",\"ma5\"]}]}},\"value\":[0.00392616,-0.00135737,-0.00058138,0.0000669,-0.00092522,-0.00135737,0.00448973,-0.00062344,-0.00097712,-0.00029445,-0.00058138,-0.00062344,0.00415901,-0.00144004,-0.00016364,0.0000669,-0.00097712,-0.00144004,0.00520571,-0.00102941,-0.00092522,-0.00029445,-0.00016364,-0.00102941,0.00486637]},{\"type\":\"logical\",\"attributes\":{},\"value\":[true,true,true,true,true]},{\"type\":\"double\",\"attributes\":{},\"value\":[-756.63491511]},{\"type\":\"double\",\"attributes\":{},\"value\":[1525.26983022]},{\"type\":\"integer\",\"attributes\":{},\"value\":[0,5,0,0,1,1,0]},{\"type\":\"double\",\"attributes\":{\"tsp\":{\"type\":\"double\",\"attributes\":{},\"value\":[1,352,1]},\"class\":{\"type\":\"character\",\"attributes\":{},\"value\":[\"ts\"]}},\"value\":[0,0.95224011,-0.78620254,-0.12757166,1.90896687,1.41610698,-2.51584592,-0.54799544,0.96597232,0.46996745,3.05089663,-2.55300179,-0.37726549,3.09397933,4.00416839,2.31149831,-0.35822289,-4.39891449,-0.1210896,-1.54232353,-0.38476953,0.2448695,0.33380741,0.88624823,-2.99246568,\"NA\",0.9798492,5.1804547,-1.82880697,2.61788401,1.0256976,-0.00586817,-0.28195328,\"NA\",-2.00986585,5.60865288,-0.80281688,-3.06441738,-3.80873322,0.13185018,\"NA\",1.26685445,0.46650288,1.72939216,-3.36166735,0.52375251,-0.81667301,-2.11145583,0.29733861,-1.51311538,1.49147241,\"NA\",-1.84162921,-0.48600389,0.6766671,0.12495179,\"NA\",\"NA\",-1.02196283,1.84726009,-1.64740065,-0.43964494,-0.27648447,-0.11108186,\"NA\",\"NA\",1.12074491,-0.77473326,-0.06307385,\"NA\",0.98429224,0.26462611,\"NA\",3.33470399,-3.98806883,\"NA\",\"NA\",-0.78654133,0.74346874,1.54309459,\"NA\",\"NA\",0.30928994,-0.64664305,2.08352304,8.49359087,\"NA\",\"NA\",-0.90114917,-3.95018448,-0.97637686,9.27317129,-2.06145527,0.62755652,\"NA\",-5.79056006,4.63377743,1.43891388,-0.88339694,-2.82363328,5.14114876,10.8259855,1.00002801,3.8533515,-10.11676339,2.69114563,2.8066395,-3.14139607,-0.06738653,0.871704,-0.28863885,-2.9938061,-2.15536537,-1.67210777,-2.65934171,\"NA\",-2.57790316,\"NA\",\"NA\",-1.88599428,-1.8863414,2.97618562,\"NA\",-1.51707329,2.41093345,\"NA\",\"NA\",-1.51451228,\"NA\",1.4659934,1.09996797,-2.80414609,-2.58969309,3.48076056,1.80849772,2.36140559,-1.74925491,1.87001054,0.16992065,-0.42357578,-1.86204865,-2.51230805,\"NA\",-0.65299648,\"NA\",-1.73506258,0.15712607,0.76586784,4.92826363,\"NA\",0.97187643,6.60939508,7.41077279,-4.86583707,0.86948592,7.08180285,\"NA\",-6.20104406,10.31562599,-3.03892991,-4.77361467,-3.81134522,-1.07667417,1.2324552,-2.94237618,-0.8006165,1.03466902,-2.97418885,-1.89355653,-0.10562113,-2.3225093,1.09793079,1.4955216,-3.95643126,-2.108331,1.10094534,1.21817725,-1.9907192,-0.12967488,-1.25527252,-0.15596842,-0.19233253,-1.41846918,-0.5396304,-0.43095815,0.72757657,-1.06499135,-0.49854847,-0.27612551,-0.14248488,-0.10639417,\"NA\",-0.29507285,\"NA\",-0.15115044,\"NA\",-0.11993082,\"NA\",-0.09205663,-0.05208004,-0.04204587,-0.03763735,-0.03128061,\"NA\",-0.03567222,-0.0203471,-0.0169347,0.98486985,3.23415448,\"NA\",\"NA\",7.34449311,-2.71083552,-0.27370124,0.94226698,\"NA\",2.11109035,-2.81741726,-1.44773917,5.79716697,-1.46181488,2.88015763,0.42608606,-2.32329583,0.23708808,2.05751417,-2.16619562,-1.59841679,\"NA\",-1.34936713,\"NA\",0.81094982,\"NA\",5.31738079,\"NA\",-0.07527781,19.49026153,6.74376257,-4.22187674,-3.35052919,-3.70613413,-7.0260532,4.21642461,-3.58293448,3.08934381,0.4912141,1.64411385,\"NA\",1.44207873,6.88923378,3.11391836,8.66682176,-1.9345802,7.16377605,-19.52504972,1.85885532,4.53644966,5.65867493,2.6008767,\"NA\",\"NA\",-6.63536287,-5.49992699,\"NA\",-6.74559824,-2.9659058,-6.54901734,-0.38073384,0.10797404,-1.41964813,-1.50563379,\"NA\",\"NA\",-2.00821008,1.14615727,4.8155027,0.95382835,-0.64778261,-7.8339513,\"NA\",-0.84239878,-1.61281221,6.54625781,5.37489951,\"NA\",\"NA\",\"NA\",-3.61404739,-3.21261044,1.54225403,-2.39472479,1.81480076,-4.24171516,0.66198445,-2.07482642,2.15100639,\"NA\",\"NA\",\"NA\",-2.13824961,4.69084276,-2.17756585,-2.50821071,-0.81572663,-0.23124516,-0.87898673,1.13563198,3.78162701,-0.16031732,-2.84794014,2.50720732,\"NA\",\"NA\",\"NA\",\"NA\",\"NA\",\"NA\",\"NA\",\"NA\",\"NA\",\"NA\",\"NA\",\"NA\",\"NA\",\"NA\",\"NA\",\"NA\",-0.69690532,\"NA\",\"NA\",\"NA\",0.98354555,1.16323305,-0.54673512,6.044055,-2.3326761,-2.95835976,1.56190817,\"NA\",\"NA\",-1.68852539,-0.62138072,2.82680954,1.37304004,4.24636682,\"NA\",2.96762559,13.44467913,5.31229767,8.21855848,-0.2302298,\"NA\"]},{\"type\":\"language\",\"attributes\":{},\"value\":[\"auto.arima(y = c(0L, 1L, 0L, 0L, 2L, 3L, 0L, 0L, 1L, 1L, 4L, \",\"1L, 1L, 4L, 7L, 8L, 7L, 2L, 2L, 0L, 0L, 1L, 2L, 3L, 0L, NA, 2L, \",\"7L, 4L, 7L, 7L, 6L, 5L, NA, 2L, 8L, 6L, 3L, 0L, 1L, NA, 3L, 4L, \",\"6L, 2L, 3L, 2L, 0L, 1L, 0L, 2L, NA, 0L, 0L, 1L, 1L, NA, NA, 0L, \",\"2L, 0L, 0L, 0L, 0L, NA, NA, 2L, 1L, 1L, NA, 2L, 2L, NA, 6L, 1L, \",\"NA, NA, 0L, 1L, 3L, NA, NA, 3L, 2L, 4L, 12L, NA, NA, 7L, 2L, \",\"1L, 11L, 7L, 8L, NA, 0L, 5L, 6L, 5L, 3L, 9L, 18L, 16L, 19L, 7L, \",\"10L, 11L, 7L, 8L, 10L, 9L, 6L, 5L, 4L, 2L, NA, 1L, NA, NA, 1L, \",\"0L, 4L, NA, 2L, 5L, NA, NA, 2L, NA, 4L, 5L, 2L, 0L, 4L, 5L, 7L, \",\"5L, 7L, 6L, 5L, 3L, 1L, NA, 1L, NA, 0L, 1L, 2L, 7L, NA, 7L, 13L, \",\"18L, 10L, 11L, 17L, NA, 5L, 17L, 11L, 6L, 4L, 4L, 5L, 3L, 4L, \",\"6L, 3L, 2L, 3L, 1L, 3L, 5L, 1L, 0L, 2L, 3L, 1L, 2L, 1L, 1L, 1L, \",\"0L, 0L, 0L, 1L, 0L, 0L, 0L, 0L, 0L, NA, 0L, NA, 0L, NA, 0L, NA, \",\"0L, 0L, 0L, 0L, 0L, NA, 0L, 0L, 0L, 1L, 4L, NA, NA, 13L, 8L, \",\"7L, 7L, NA, 8L, 5L, 4L, 10L, 7L, 10L, 10L, 7L, 7L, 9L, 6L, 5L, \",\"NA, 4L, NA, 6L, NA, 13L, NA, 11L, 30L, 31L, 23L, 19L, 14L, 5L, \",\"11L, 8L, 13L, 14L, 16L, NA, 17L, 23L, 24L, 31L, 26L, 32L, 9L, \",\"14L, 18L, 23L, 25L, NA, NA, 14L, 9L, NA, 4L, 4L, 0L, 3L, 5L, \",\"5L, 5L, NA, NA, 4L, 6L, 11L, 11L, 10L, 2L, NA, 2L, 1L, 9L, 14L, \",\"NA, NA, NA, 4L, 1L, 4L, 2L, 5L, 1L, 3L, 1L, 4L, NA, NA, NA, 1L, \",\"6L, 3L, 1L, 1L, 1L, 0L, 2L, 6L, 5L, 2L, 5L, NA, NA, NA, NA, NA, \",\"NA, NA, NA, NA, NA, NA, NA, NA, NA, NA, NA, 2L, NA, NA, NA, 4L, \",\"5L, 4L, 10L, 6L, 3L, 5L, NA, NA, 2L, 2L, 5L, 6L, 10L, NA, 12L, \",\"24L, 25L, 30L, 26L, NA), x = structure(list(x = structure(c(0L, \",\"1L, 0L, 0L, 2L, 3L, 0L, 0L, 1L, 1L, 4L, 1L, 1L, 4L, 7L, 8L, 7L, \",\"2L, 2L, 0L, 0L, 1L, 2L, 3L, 0L, NA, 2L, 7L, 4L, 7L, 7L, 6L, 5L, \",\"NA, 2L, 8L, 6L, 3L, 0L, 1L, NA, 3L, 4L, 6L, 2L, 3L, 2L, 0L, 1L, \",\"0L, 2L, NA, 0L, 0L, 1L, 1L, NA, NA, 0L, 2L, 0L, 0L, 0L, 0L, NA, \",\"NA, 2L, 1L, 1L, NA, 2L, 2L, NA, 6L, 1L, NA, NA, 0L, 1L, 3L, NA, \",\"NA, 3L, 2L, 4L, 12L, NA, NA, 7L, 2L, 1L, 11L, 7L, 8L, NA, 0L, \",\"5L, 6L, 5L, 3L, 9L, 18L, 16L, 19L, 7L, 10L, 11L, 7L, 8L, 10L, \",\"9L, 6L, 5L, 4L, 2L, NA, 1L, NA, NA, 1L, 0L, 4L, NA, 2L, 5L, NA, \",\"NA, 2L, NA, 4L, 5L, 2L, 0L, 4L, 5L, 7L, 5L, 7L, 6L, 5L, 3L, 1L, \",\"NA, 1L, NA, 0L, 1L, 2L, 7L, NA, 7L, 13L, 18L, 10L, 11L, 17L, \",\"NA, 5L, 17L, 11L, 6L, 4L, 4L, 5L, 3L, 4L, 6L, 3L, 2L, 3L, 1L, \",\"3L, 5L, 1L, 0L, 2L, 3L, 1L, 2L, 1L, 1L, 1L, 0L, 0L, 0L, 1L, 0L, \",\"0L, 0L, 0L, 0L, NA, 0L, NA, 0L, NA, 0L, NA, 0L, 0L, 0L, 0L, 0L, \",\"NA, 0L, 0L, 0L, 1L, 4L, NA, NA, 13L, 8L, 7L, 7L, NA, 8L, 5L, \",\"4L, 10L, 7L, 10L, 10L, 7L, 7L, 9L, 6L, 5L, NA, 4L, NA, 6L, NA, \",\"13L, NA, 11L, 30L, 31L, 23L, 19L, 14L, 5L, 11L, 8L, 13L, 14L, \",\"16L, NA, 17L, 23L, 24L, 31L, 26L, 32L, 9L, 14L, 18L, 23L, 25L, \",\"NA, NA, 14L, 9L, NA, 4L, 4L, 0L, 3L, 5L, 5L, 5L, NA, NA, 4L, \",\"6L, 11L, 11L, 10L, 2L, NA, 2L, 1L, 9L, 14L, NA, NA, NA, 4L, 1L, \",\"4L, 2L, 5L, 1L, 3L, 1L, 4L, NA, NA, NA, 1L, 6L, 3L, 1L, 1L, 1L, \",\"0L, 2L, 6L, 5L, 2L, 5L, NA, NA, NA, NA, NA, NA, NA, NA, NA, NA, \",\"NA, NA, NA, NA, NA, NA, 2L, NA, NA, NA, 4L, 5L, 4L, 10L, 6L, \",\"3L, 5L, NA, NA, 2L, 2L, 5L, 6L, 10L, NA, 12L, 24L, 25L, 30L, \",\"26L, NA), tsp = c(1, 352, 1), class = \\\"ts\\\")), class = \\\"data.frame\\\", row.names = c(NA, \",\"-352L)))\"]},{\"type\":\"character\",\"attributes\":{},\"value\":[\"c(0L, 1L, 0L, 0L, 2L, 3L, 0L, 0L, 1L, 1L, 4L, 1L, 1L, 4L, 7L, \",\"8L, 7L, 2L, 2L, 0L, 0L, 1L, 2L, 3L, 0L, NA, 2L, 7L, 4L, 7L, 7L, \",\"6L, 5L, NA, 2L, 8L, 6L, 3L, 0L, 1L, NA, 3L, 4L, 6L, 2L, 3L, 2L, \",\"0L, 1L, 0L, 2L, NA, 0L, 0L, 1L, 1L, NA, NA, 0L, 2L, 0L, 0L, 0L, \",\"0L, NA, NA, 2L, 1L, 1L, NA, 2L, 2L, NA, 6L, 1L, NA, NA, 0L, 1L, \",\"3L, NA, NA, 3L, 2L, 4L, 12L, NA, NA, 7L, 2L, 1L, 11L, 7L, 8L, \",\"NA, 0L, 5L, 6L, 5L, 3L, 9L, 18L, 16L, 19L, 7L, 10L, 11L, 7L, \",\"8L, 10L, 9L, 6L, 5L, 4L, 2L, NA, 1L, NA, NA, 1L, 0L, 4L, NA, \",\"2L, 5L, NA, NA, 2L, NA, 4L, 5L, 2L, 0L, 4L, 5L, 7L, 5L, 7L, 6L, \",\"5L, 3L, 1L, NA, 1L, NA, 0L, 1L, 2L, 7L, NA, 7L, 13L, 18L, 10L, \",\"11L, 17L, NA, 5L, 17L, 11L, 6L, 4L, 4L, 5L, 3L, 4L, 6L, 3L, 2L, \",\"3L, 1L, 3L, 5L, 1L, 0L, 2L, 3L, 1L, 2L, 1L, 1L, 1L, 0L, 0L, 0L, \",\"1L, 0L, 0L, 0L, 0L, 0L, NA, 0L, NA, 0L, NA, 0L, NA, 0L, 0L, 0L, \",\"0L, 0L, NA, 0L, 0L, 0L, 1L, 4L, NA, NA, 13L, 8L, 7L, 7L, NA, \",\"8L, 5L, 4L, 10L, 7L, 10L, 10L, 7L, 7L, 9L, 6L, 5L, NA, 4L, NA, \",\"6L, NA, 13L, NA, 11L, 30L, 31L, 23L, 19L, 14L, 5L, 11L, 8L, 13L, \",\"14L, 16L, NA, 17L, 23L, 24L, 31L, 26L, 32L, 9L, 14L, 18L, 23L, \",\"25L, NA, NA, 14L, 9L, NA, 4L, 4L, 0L, 3L, 5L, 5L, 5L, NA, NA, \",\"4L, 6L, 11L, 11L, 10L, 2L, NA, 2L, 1L, 9L, 14L, NA, NA, NA, 4L, \",\"1L, 4L, 2L, 5L, 1L, 3L, 1L, 4L, NA, NA, NA, 1L, 6L, 3L, 1L, 1L, \",\"1L, 0L, 2L, 6L, 5L, 2L, 5L, NA, NA, NA, NA, NA, NA, NA, NA, NA, \",\"NA, NA, NA, NA, NA, NA, NA, 2L, NA, NA, NA, 4L, 5L, 4L, 10L, \",\"6L, 3L, 5L, NA, NA, 2L, 2L, 5L, 6L, 10L, NA, 12L, 24L, 25L, 30L, \",\"26L, NA)\"]},{\"type\":\"integer\",\"attributes\":{},\"value\":[0]},{\"type\":\"double\",\"attributes\":{},\"value\":[0]},{\"type\":\"integer\",\"attributes\":{},\"value\":[275]},{\"type\":\"list\",\"attributes\":{\"names\":{\"type\":\"character\",\"attributes\":{},\"value\":[\"phi\",\"theta\",\"Delta\",\"Z\",\"a\",\"P\",\"T\",\"V\",\"h\",\"Pn\"]}},\"value\":[{\"type\":\"double\",\"attributes\":{},\"value\":[]},{\"type\":\"double\",\"attributes\":{},\"value\":[-0.25190586,-0.06740154,-0.05957683,-0.11349503,-0.13563244]},{\"type\":\"double\",\"attributes\":{},\"value\":[1]},{\"type\":\"double\",\"attributes\":{},\"value\":[1,0,0,0,0,0,1]},{\"type\":\"double\",\"attributes\":{},\"value\":[-2.56652513,-2.89473169,-1.63903816,-1.0873831,0.03118852,0,26]},{\"type\":\"double\",\"attributes\":{\"dim\":{\"type\":\"integer\",\"attributes\":{},\"value\":[7,7]}},\"value\":[1.00649871,-0.25107553,-0.06774937,-0.06035703,-0.11391552,-0.13563244,-1.97911424e-17,-0.25107553,0.0635763,0.01695342,0.01493002,0.02854844,0.03416661,8.85902939e-19,-0.06774937,0.01695342,0.00459257,0.00409588,0.0076935,0.00914184,-6.28668643e-18,-0.06035703,0.01493002,0.00409588,0.0036947,0.00684182,0.00808055,-1.10228094e-17,-0.11391552,0.02854844,0.0076935,0.00684182,0.01292599,0.01539361,-1.18247285e-17,-0.13563244,0.03416661,0.00914184,0.00808055,0.01539361,0.01839616,0,-1.97911424e-17,8.85902939e-19,-6.28668643e-18,-1.10228094e-17,-1.18247285e-17,0,1.11022302e-16]},{\"type\":\"double\",\"attributes\":{\"dim\":{\"type\":\"integer\",\"attributes\":{},\"value\":[7,7]}},\"value\":[0,0,0,0,0,0,1,1,0,0,0,0,0,0,0,1,0,0,0,0,0,0,0,1,0,0,0,0,0,0,0,1,0,0,0,0,0,0,0,1,0,0,0,0,0,0,0,0,1]},{\"type\":\"double\",\"attributes\":{\"dim\":{\"type\":\"integer\",\"attributes\":{},\"value\":[7,7]}},\"value\":[1,-0.25190586,-0.06740154,-0.05957683,-0.11349503,-0.13563244,0,-0.25190586,0.06345656,0.01697884,0.01500775,0.02859006,0.03416661,0,-0.06740154,0.01697884,0.00454297,0.00401557,0.00764974,0.00914184,0,-0.05957683,0.01500775,0.00401557,0.0035494,0.00676167,0.00808055,0,-0.11349503,0.02859006,0.00764974,0.00676167,0.01288112,0.01539361,0,-0.13563244,0.03416661,0.00914184,0.00808055,0.01539361,0.01839616,0,0,0,0,0,0,0,0]},{\"type\":\"double\",\"attributes\":{},\"value\":[0]},{\"type\":\"double\",\"attributes\":{\"dim\":{\"type\":\"integer\",\"attributes\":{},\"value\":[7,7]}},\"value\":[1.00649871,-0.25107553,-0.06774937,-0.06035703,-0.11391552,-0.13563244,-1.97911424e-17,-0.25107553,0.0635763,0.01695342,0.01493002,0.02854844,0.03416661,8.85902939e-19,-0.06774937,0.01695342,0.00459257,0.00409588,0.0076935,0.00914184,-6.28668643e-18,-0.06035703,0.01493002,0.00409588,0.0036947,0.00684182,0.00808055,-1.10228094e-17,-0.11391552,0.02854844,0.0076935,0.00684182,0.01292599,0.01539361,-1.18247285e-17,-0.13563244,0.03416661,0.00914184,0.00808055,0.01539361,0.01839616,0,-1.97911424e-17,8.85902939e-19,-6.28668643e-18,-1.10228094e-17,-1.18247285e-17,0,1.11022302e-16]}]},{\"type\":\"double\",\"attributes\":{},\"value\":[1546.97045681]},{\"type\":\"double\",\"attributes\":{},\"value\":[1525.58326306]},{\"type\":\"integer\",\"attributes\":{\"tsp\":{\"type\":\"double\",\"attributes\":{},\"value\":[1,352,1]},\"class\":{\"type\":\"character\",\"attributes\":{},\"value\":[\"ts\"]}},\"value\":[0,1,0,0,2,3,0,0,1,1,4,1,1,4,7,8,7,2,2,0,0,1,2,3,0,\"NA\",2,7,4,7,7,6,5,\"NA\",2,8,6,3,0,1,\"NA\",3,4,6,2,3,2,0,1,0,2,\"NA\",0,0,1,1,\"NA\",\"NA\",0,2,0,0,0,0,\"NA\",\"NA\",2,1,1,\"NA\",2,2,\"NA\",6,1,\"NA\",\"NA\",0,1,3,\"NA\",\"NA\",3,2,4,12,\"NA\",\"NA\",7,2,1,11,7,8,\"NA\",0,5,6,5,3,9,18,16,19,7,10,11,7,8,10,9,6,5,4,2,\"NA\",1,\"NA\",\"NA\",1,0,4,\"NA\",2,5,\"NA\",\"NA\",2,\"NA\",4,5,2,0,4,5,7,5,7,6,5,3,1,\"NA\",1,\"NA\",0,1,2,7,\"NA\",7,13,18,10,11,17,\"NA\",5,17,11,6,4,4,5,3,4,6,3,2,3,1,3,5,1,0,2,3,1,2,1,1,1,0,0,0,1,0,0,0,0,0,\"NA\",0,\"NA\",0,\"NA\",0,\"NA\",0,0,0,0,0,\"NA\",0,0,0,1,4,\"NA\",\"NA\",13,8,7,7,\"NA\",8,5,4,10,7,10,10,7,7,9,6,5,\"NA\",4,\"NA\",6,\"NA\",13,\"NA\",11,30,31,23,19,14,5,11,8,13,14,16,\"NA\",17,23,24,31,26,32,9,14,18,23,25,\"NA\",\"NA\",14,9,\"NA\",4,4,0,3,5,5,5,\"NA\",\"NA\",4,6,11,11,10,2,\"NA\",2,1,9,14,\"NA\",\"NA\",\"NA\",4,1,4,2,5,1,3,1,4,\"NA\",\"NA\",\"NA\",1,6,3,1,1,1,0,2,6,5,2,5,\"NA\",\"NA\",\"NA\",\"NA\",\"NA\",\"NA\",\"NA\",\"NA\",\"NA\",\"NA\",\"NA\",\"NA\",\"NA\",\"NA\",\"NA\",\"NA\",2,\"NA\",\"NA\",\"NA\",4,5,4,10,6,3,5,\"NA\",\"NA\",2,2,5,6,10,\"NA\",12,24,25,30,26,\"NA\"]},{\"type\":\"double\",\"attributes\":{\"tsp\":{\"type\":\"double\",\"attributes\":{},\"value\":[1,352,1]},\"class\":{\"type\":\"character\",\"attributes\":{},\"value\":[\"ts\"]}},\"value\":[0,0.04775989,0.78620254,0.12757166,0.09103313,1.58389302,2.51584592,0.54799544,0.03402768,0.53003255,0.94910337,3.55300179,1.37726549,0.90602067,2.99583161,5.68850169,7.35822289,6.39891449,2.1210896,1.54232353,0.38476953,0.7551305,1.66619259,2.11375177,2.99246568,\"NA\",1.0201508,1.8195453,5.82880697,4.38211599,5.9743024,6.00586817,5.28195328,\"NA\",4.00986585,2.39134712,6.80281688,6.06441738,3.80873322,0.86814982,\"NA\",1.73314555,3.53349712,4.27060784,5.36166735,2.47624749,2.81667301,2.11145583,0.70266139,1.51311538,0.50852759,\"NA\",1.84162921,0.48600389,0.3233329,0.87504821,\"NA\",\"NA\",1.02196283,0.15273991,1.64740065,0.43964494,0.27648447,0.11108186,\"NA\",\"NA\",0.87925509,1.77473326,1.06307385,\"NA\",1.01570776,1.73537389,\"NA\",2.66529601,4.98806883,\"NA\",\"NA\",0.78654133,0.25653126,1.45690541,\"NA\",\"NA\",2.69071006,2.64664305,1.91647696,3.50640913,\"NA\",\"NA\",7.90114917,5.95018448,1.97637686,1.72682871,9.06145527,7.37244348,\"NA\",5.79056006,0.36622257,4.56108612,5.88339694,5.82363328,3.85885124,7.1740145,14.99997199,15.1466485,17.11676339,7.30885437,8.1933605,10.14139607,8.06738653,9.128296,9.28863885,8.9938061,7.15536537,5.67210777,4.65934171,\"NA\",3.57790316,\"NA\",\"NA\",2.88599428,1.8863414,1.02381438,\"NA\",3.51707329,2.58906655,\"NA\",\"NA\",3.51451228,\"NA\",2.5340066,3.90003203,4.80414609,2.58969309,0.51923944,3.19150228,4.63859441,6.74925491,5.12998946,5.83007935,5.42357578,4.86204865,3.51230805,\"NA\",1.65299648,\"NA\",1.73506258,0.84287393,1.23413216,2.07173637,\"NA\",6.02812357,6.39060492,10.58922721,14.86583707,10.13051408,9.91819715,\"NA\",11.20104406,6.68437401,14.03892991,10.77361467,7.81134522,5.07667417,3.7675448,5.94237618,4.8006165,4.96533098,5.97418885,3.89355653,3.10562113,3.3225093,1.90206921,3.5044784,4.95643126,2.108331,0.89905466,1.78182275,2.9907192,2.12967488,2.25527252,1.15596842,1.19233253,1.41846918,0.5396304,0.43095815,0.27242343,1.06499135,0.49854847,0.27612551,0.14248488,0.10639417,\"NA\",0.29507285,\"NA\",0.15115044,\"NA\",0.11993082,\"NA\",0.09205663,0.05208004,0.04204587,0.03763735,0.03128061,\"NA\",0.03567222,0.0203471,0.0169347,0.01513015,0.76584552,\"NA\",\"NA\",5.65550689,10.71083552,7.27370124,6.05773302,\"NA\",5.88890965,7.81741726,5.44773917,4.20283303,8.46181488,7.11984237,9.57391394,9.32329583,6.76291192,6.94248583,8.16619562,6.59841679,\"NA\",5.34936713,\"NA\",5.18905018,\"NA\",7.68261921,\"NA\",11.07527781,10.50973847,24.25623743,27.22187674,22.35052919,17.70613413,12.0260532,6.78357539,11.58293448,9.91065619,13.5087859,14.35588615,\"NA\",15.55792127,16.11076622,20.88608164,22.33317824,27.9345802,24.83622395,28.52504972,12.14114468,13.46355034,17.34132507,22.3991233,\"NA\",\"NA\",20.63536287,14.49992699,\"NA\",10.74559824,6.9659058,6.54901734,3.38073384,4.89202596,6.41964813,6.50563379,\"NA\",\"NA\",6.00821008,4.85384273,6.1844973,10.04617165,10.64778261,9.8339513,\"NA\",2.84239878,2.61281221,2.45374219,8.62510049,\"NA\",\"NA\",\"NA\",7.61404739,4.21261044,2.45774597,4.39472479,3.18519924,5.24171516,2.33801555,3.07482642,1.84899361,\"NA\",\"NA\",\"NA\",3.13824961,1.30915724,5.17756585,3.50821071,1.81572663,1.23124516,0.87898673,0.86436802,2.21837299,5.16031732,4.84794014,2.49279268,\"NA\",\"NA\",\"NA\",\"NA\",\"NA\",\"NA\",\"NA\",\"NA\",\"NA\",\"NA\",\"NA\",\"NA\",\"NA\",\"NA\",\"NA\",\"NA\",2.69690532,\"NA\",\"NA\",\"NA\",3.01645445,3.83676695,4.54673512,3.955945,8.3326761,5.95835976,3.43809183,\"NA\",\"NA\",3.68852539,2.62138072,2.17319046,4.62695996,5.75363318,\"NA\",9.03237441,10.55532087,19.68770233,21.78144152,26.2302298,\"NA\"]}]}"]
