["{\"type\":\"list\",\"attributes\":{\"names\":{\"type\":\"character\",\"attributes\":{},\"value\":[\"coef\",\"sigma2\",\"var.coef\",\"mask\",\"loglik\",\"aic\",\"arma\",\"residuals\",\"call\",\"series\",\"code\",\"n.cond\",\"nobs\",\"model\",\"bic\",\"aicc\",\"x\",\"fitted\"]},\"class\":{\"type\":\"character\",\"attributes\":{},\"value\":[\"forecast_ARIMA\",\"ARIMA\",\"Arima\"]}},\"value\":[{\"type\":\"double\",\"attributes\":{\"names\":{\"type\":\"character\",\"attributes\":{},\"value\":[\"ma1\",\"ma2\",\"ma3\",\"ma4\",\"ma5\"]}},\"value\":[-0.00263306,-0.11515979,-0.21551383,-0.24894156,-0.29025335]},{\"type\":\"double\",\"attributes\":{},\"value\":[967.35567329]},{\"type\":\"double\",\"attributes\":{\"dim\":{\"type\":\"integer\",\"attributes\":{},\"value\":[5,5]},\"dimnames\":{\"type\":\"list\",\"attributes\":{},\"value\":[{\"type\":\"character\",\"attributes\":{},\"value\":[\"ma1\",\"ma2\",\"ma3\",\"ma4\",\"ma5\"]},{\"type\":\"character\",\"attributes\":{},\"value\":[\"ma1\",\"ma2\",\"ma3\",\"ma4\",\"ma5\"]}]}},\"value\":[0.00458391,-0.00103076,-0.00185577,-0.00157769,0.00077123,-0.00103076,0.00536551,-0.00202559,-0.00130692,0.00038682,-0.00185577,-0.00202559,0.00684546,0.00132062,-0.00306881,-0.00157769,-0.00130692,0.00132062,0.00624451,-0.00344798,0.00077123,0.00038682,-0.00306881,-0.00344798,0.00662713]},{\"type\":\"logical\",\"attributes\":{},\"value\":[true,true,true,true,true]},{\"type\":\"double\",\"attributes\":{},\"value\":[-1357.63653581]},{\"type\":\"double\",\"attributes\":{},\"value\":[2727.27307162]},{\"type\":\"integer\",\"attributes\":{},\"value\":[0,5,0,0,1,1,0]},{\"type\":\"double\",\"attributes\":{\"tsp\":{\"type\":\"double\",\"attributes\":{},\"value\":[1,354,1]},\"class\":{\"type\":\"character\",\"attributes\":{},\"value\":[\"ts\"]}},\"value\":[0,0,0.91759603,1.71937676,2.57268732,2.70959816,8.0974533,22.77555758,19.80275003,9.66430437,-8.4381311,-21.66862753,1.63671313,3.3167874,2.67867075,9.96374312,6.79542313,-10.33157966,18.20612142,0.20183551,22.99702638,-19.97842929,-13.89157334,-6.863786,-0.84053472,\"NA\",-8.71436929,8.47238963,45.46953347,-15.43041323,5.27879877,31.27391565,-15.94434679,\"NA\",-17.76040651,-3.52718577,-0.06089619,-9.71948019,-8.41863854,-5.68388161,\"NA\",8.52473982,-3.40875935,1.14997894,14.75817763,7.6056406,-2.04310003,-28.6801026,-2.63483829,2.44524147,-3.77010416,\"NA\",-11.2510092,5.09974576,11.10467495,-7.20726618,\"NA\",\"NA\",-3.95833407,11.54421317,17.31184703,-11.61738933,2.4353894,4.0444409,\"NA\",\"NA\",7.62536095,24.75308524,16.16802984,\"NA\",1.47366942,-31.35686202,\"NA\",1.07926108,-7.95472877,\"NA\",\"NA\",-0.83922666,2.87999916,-9.51439819,\"NA\",\"NA\",28.49686092,-9.94038969,-21.01596907,-5.58692469,\"NA\",\"NA\",-6.83959345,0.27987617,31.91541365,-1.14752416,9.71346257,32.7615344,\"NA\",-25.27679294,33.88560305,-23.20822705,-9.15190878,-8.99714821,1.26668356,5.12823029,26.24470973,9.04756038,-3.13444629,43.3268836,11.7193901,-14.79484499,-29.5150011,-8.38307957,4.88434409,-10.59254768,-12.90971873,-9.85104214,-1.00973689,\"NA\",6.61086996,\"NA\",\"NA\",8.02847143,17.72260584,-2.89633036,\"NA\",-22.12815208,-4.33854866,\"NA\",\"NA\",11.4743882,\"NA\",7.05169263,22.261952,45.91865069,1.35120257,5.71825488,-37.39551958,-16.7458107,12.12789375,-8.19800295,-2.85271598,-0.24163948,36.04749755,-0.08082251,\"NA\",51.60288107,\"NA\",-26.27817308,58.59511706,79.0418803,-27.51027761,\"NA\",-16.06090176,88.69899019,-23.00724341,-16.12067876,55.15661929,42.08206829,\"NA\",5.23640657,-76.20152423,10.8672993,-16.78195427,-15.98509854,-12.64093556,-18.86701194,26.01659497,16.32103516,-14.80932287,13.10223964,-38.14419044,16.82937272,-1.48293379,-38.32972779,-14.34015633,-16.65047651,-5.43750166,-11.99169991,-2.93956904,20.1328221,-8.05631107,6.10018092,-11.78534202,-17.90586405,-15.25089695,-10.46093284,-9.80504606,-13.39457932,-12.41187684,-8.71836866,-4.81560657,5.12839191,-9.39737893,\"NA\",4.99093891,\"NA\",44.76486655,\"NA\",-37.47966649,\"NA\",-8.60550122,-6.52098017,-4.13992396,32.07221306,12.1758822,\"NA\",35.40280698,41.24744512,8.37688801,49.79339266,19.18912645,\"NA\",\"NA\",-48.58451247,27.82669036,23.93693342,36.52621047,\"NA\",63.49241425,108.84723609,-16.378165,-28.11644687,1.61667243,-47.61296946,-10.01357126,-25.09782701,-15.27019349,-3.43963912,54.63702713,-7.65704724,\"NA\",36.83807533,\"NA\",8.83336745,\"NA\",-16.40912333,\"NA\",-44.97868137,-7.93401172,14.45465844,40.62581229,-10.66203393,34.60211298,70.1317336,-74.73218287,123.33089184,-62.59443498,-31.61386818,-15.02237198,\"NA\",-15.23914427,-6.50997557,36.45366188,29.89273009,-35.05137564,67.7480913,75.22748962,36.72543206,-79.56307907,-30.01954098,-27.97265755,\"NA\",\"NA\",-39.1509488,4.0463615,\"NA\",7.28093337,-26.51221369,18.84142608,9.44371686,-17.73515294,-37.74369297,-32.23840645,\"NA\",\"NA\",-26.84522626,-21.55736683,23.96567719,-13.91188331,36.48093727,9.26187983,\"NA\",45.16109606,65.65308447,-95.49618435,-35.97752938,\"NA\",\"NA\",\"NA\",-21.09187914,11.69777434,28.35573281,-18.36110326,6.28720848,-25.36906715,1.38228332,-17.13842762,-35.98971003,\"NA\",\"NA\",\"NA\",-21.99984446,0.75232097,-8.99404174,4.09551388,1.36960056,15.84188042,-0.60406491,8.65061245,-42.06685563,-17.87511648,-4.63065692,-10.19347412,\"NA\",\"NA\",\"NA\",\"NA\",\"NA\",\"NA\",\"NA\",\"NA\",\"NA\",\"NA\",\"NA\",\"NA\",\"NA\",\"NA\",\"NA\",\"NA\",27.69514899,\"NA\",\"NA\",\"NA\",22.26874969,11.86937446,12.34985635,-40.96873355,-14.54709374,26.34329593,133.89034257,\"NA\",\"NA\",102.95992089,25.82210948,37.37371465,20.1699165,-51.28109318,\"NA\",-47.65775224,-23.19696973,8.19017223,20.1230119,109.59886919,-72.52687096,\"NA\",\"NA\"]},{\"type\":\"language\",\"attributes\":{},\"value\":[\"auto.arima(y = c(0L, 0L, 1L, 3L, 6L, 9L, 17L, 40L, 60L, 67L, \",\"51L, 17L, 6L, 5L, 11L, 28L, 40L, 27L, 41L, 38L, 57L, 34L, 16L, \",\"1L, 0L, NA, 0L, 15L, 65L, 52L, 54L, 77L, 50L, NA, 9L, 1L, 0L, \",\"1L, 0L, 0L, NA, 21L, 23L, 26L, 40L, 45L, 40L, 8L, 0L, 0L, 1L, \",\"NA, 2L, 9L, 23L, 20L, NA, NA, 12L, 23L, 44L, 33L, 32L, 31L, NA, \",\"NA, 37L, 59L, 72L, NA, 58L, 14L, NA, 3L, 1L, NA, NA, 18L, 23L, \",\"16L, NA, NA, 66L, 52L, 24L, 7L, NA, NA, 4L, 13L, 49L, 51L, 59L, \",\"86L, NA, 26L, 53L, 25L, 11L, 7L, 11L, 15L, 52L, 65L, 60L, 95L, \",\"97L, 68L, 26L, 7L, 3L, 0L, 0L, 1L, 5L, NA, 28L, NA, NA, 47L, \",\"61L, 54L, NA, 11L, 3L, NA, NA, 41L, NA, 52L, 69L, 110L, 104L, \",\"97L, 41L, 6L, 8L, 8L, 15L, 28L, 68L, 67L, NA, 132L, NA, 59L, \",\"103L, 169L, 132L, NA, 74L, 134L, 99L, 86L, 131L, 160L, NA, 138L, \",\"43L, 26L, 4L, 1L, 7L, 13L, 45L, 75L, 69L, 83L, 42L, 49L, 48L, \",\"17L, 5L, 0L, 0L, 3L, 19L, 50L, 51L, 60L, 49L, 28L, 9L, 4L, 1L, \",\"0L, 0L, 2L, 7L, 22L, 22L, NA, 39L, NA, 104L, NA, 36L, NA, 2L, \",\"0L, 12L, 56L, 73L, NA, 118L, 147L, 135L, 165L, 161L, NA, NA, \",\"8L, 26L, 61L, 116L, NA, 203L, 285L, 238L, 166L, 122L, 39L, 8L, \",\"0L, 4L, 17L, 95L, 100L, NA, 152L, NA, 128L, NA, 78L, NA, 5L, \",\"5L, 36L, 97L, 103L, 141L, 202L, 111L, 210L, 135L, 78L, 42L, NA, \",\"17L, 41L, 94L, 134L, 102L, 164L, 229L, 247L, 144L, 87L, 22L, \",\"NA, NA, 2L, 29L, NA, 77L, 61L, 84L, 93L, 76L, 38L, 9L, NA, NA, \",\"0L, 2L, 44L, 44L, 92L, 108L, NA, 158L, 213L, 94L, 33L, NA, NA, \",\"NA, 23L, 51L, 89L, 77L, 83L, 53L, 48L, 29L, 2L, NA, NA, NA, 9L, \",\"26L, 26L, 39L, 48L, 69L, 69L, 77L, 30L, 7L, 1L, 0L, NA, NA, NA, \",\"NA, NA, NA, NA, NA, NA, NA, NA, NA, NA, NA, NA, NA, 99L, NA, \",\"NA, NA, 102L, 104L, 108L, 56L, 30L, 52L, 191L, NA, NA, 334L, \",\"301L, 267L, 241L, 145L, NA, 27L, 3L, 29L, 82L, 214L, 151L, NA, \",\"NA), x = structure(list(x = structure(c(0L, 0L, 1L, 3L, 6L, 9L, \",\"17L, 40L, 60L, 67L, 51L, 17L, 6L, 5L, 11L, 28L, 40L, 27L, 41L, \",\"38L, 57L, 34L, 16L, 1L, 0L, NA, 0L, 15L, 65L, 52L, 54L, 77L, \",\"50L, NA, 9L, 1L, 0L, 1L, 0L, 0L, NA, 21L, 23L, 26L, 40L, 45L, \",\"40L, 8L, 0L, 0L, 1L, NA, 2L, 9L, 23L, 20L, NA, NA, 12L, 23L, \",\"44L, 33L, 32L, 31L, NA, NA, 37L, 59L, 72L, NA, 58L, 14L, NA, \",\"3L, 1L, NA, NA, 18L, 23L, 16L, NA, NA, 66L, 52L, 24L, 7L, NA, \",\"NA, 4L, 13L, 49L, 51L, 59L, 86L, NA, 26L, 53L, 25L, 11L, 7L, \",\"11L, 15L, 52L, 65L, 60L, 95L, 97L, 68L, 26L, 7L, 3L, 0L, 0L, \",\"1L, 5L, NA, 28L, NA, NA, 47L, 61L, 54L, NA, 11L, 3L, NA, NA, \",\"41L, NA, 52L, 69L, 110L, 104L, 97L, 41L, 6L, 8L, 8L, 15L, 28L, \",\"68L, 67L, NA, 132L, NA, 59L, 103L, 169L, 132L, NA, 74L, 134L, \",\"99L, 86L, 131L, 160L, NA, 138L, 43L, 26L, 4L, 1L, 7L, 13L, 45L, \",\"75L, 69L, 83L, 42L, 49L, 48L, 17L, 5L, 0L, 0L, 3L, 19L, 50L, \",\"51L, 60L, 49L, 28L, 9L, 4L, 1L, 0L, 0L, 2L, 7L, 22L, 22L, NA, \",\"39L, NA, 104L, NA, 36L, NA, 2L, 0L, 12L, 56L, 73L, NA, 118L, \",\"147L, 135L, 165L, 161L, NA, NA, 8L, 26L, 61L, 116L, NA, 203L, \",\"285L, 238L, 166L, 122L, 39L, 8L, 0L, 4L, 17L, 95L, 100L, NA, \",\"152L, NA, 128L, NA, 78L, NA, 5L, 5L, 36L, 97L, 103L, 141L, 202L, \",\"111L, 210L, 135L, 78L, 42L, NA, 17L, 41L, 94L, 134L, 102L, 164L, \",\"229L, 247L, 144L, 87L, 22L, NA, NA, 2L, 29L, NA, 77L, 61L, 84L, \",\"93L, 76L, 38L, 9L, NA, NA, 0L, 2L, 44L, 44L, 92L, 108L, NA, 158L, \",\"213L, 94L, 33L, NA, NA, NA, 23L, 51L, 89L, 77L, 83L, 53L, 48L, \",\"29L, 2L, NA, NA, NA, 9L, 26L, 26L, 39L, 48L, 69L, 69L, 77L, 30L, \",\"7L, 1L, 0L, NA, NA, NA, NA, NA, NA, NA, NA, NA, NA, NA, NA, NA, \",\"NA, NA, NA, 99L, NA, NA, NA, 102L, 104L, 108L, 56L, 30L, 52L, \",\"191L, NA, NA, 334L, 301L, 267L, 241L, 145L, NA, 27L, 3L, 29L, \",\"82L, 214L, 151L, NA, NA), tsp = c(1, 354, 1), class = \\\"ts\\\")), class = \\\"data.frame\\\", row.names = c(NA, \",\"-354L)))\"]},{\"type\":\"character\",\"attributes\":{},\"value\":[\"c(0L, 0L, 1L, 3L, 6L, 9L, 17L, 40L, 60L, 67L, 51L, 17L, 6L, 5L, \",\"11L, 28L, 40L, 27L, 41L, 38L, 57L, 34L, 16L, 1L, 0L, NA, 0L, \",\"15L, 65L, 52L, 54L, 77L, 50L, NA, 9L, 1L, 0L, 1L, 0L, 0L, NA, \",\"21L, 23L, 26L, 40L, 45L, 40L, 8L, 0L, 0L, 1L, NA, 2L, 9L, 23L, \",\"20L, NA, NA, 12L, 23L, 44L, 33L, 32L, 31L, NA, NA, 37L, 59L, \",\"72L, NA, 58L, 14L, NA, 3L, 1L, NA, NA, 18L, 23L, 16L, NA, NA, \",\"66L, 52L, 24L, 7L, NA, NA, 4L, 13L, 49L, 51L, 59L, 86L, NA, 26L, \",\"53L, 25L, 11L, 7L, 11L, 15L, 52L, 65L, 60L, 95L, 97L, 68L, 26L, \",\"7L, 3L, 0L, 0L, 1L, 5L, NA, 28L, NA, NA, 47L, 61L, 54L, NA, 11L, \",\"3L, NA, NA, 41L, NA, 52L, 69L, 110L, 104L, 97L, 41L, 6L, 8L, \",\"8L, 15L, 28L, 68L, 67L, NA, 132L, NA, 59L, 103L, 169L, 132L, \",\"NA, 74L, 134L, 99L, 86L, 131L, 160L, NA, 138L, 43L, 26L, 4L, \",\"1L, 7L, 13L, 45L, 75L, 69L, 83L, 42L, 49L, 48L, 17L, 5L, 0L, \",\"0L, 3L, 19L, 50L, 51L, 60L, 49L, 28L, 9L, 4L, 1L, 0L, 0L, 2L, \",\"7L, 22L, 22L, NA, 39L, NA, 104L, NA, 36L, NA, 2L, 0L, 12L, 56L, \",\"73L, NA, 118L, 147L, 135L, 165L, 161L, NA, NA, 8L, 26L, 61L, \",\"116L, NA, 203L, 285L, 238L, 166L, 122L, 39L, 8L, 0L, 4L, 17L, \",\"95L, 100L, NA, 152L, NA, 128L, NA, 78L, NA, 5L, 5L, 36L, 97L, \",\"103L, 141L, 202L, 111L, 210L, 135L, 78L, 42L, NA, 17L, 41L, 94L, \",\"134L, 102L, 164L, 229L, 247L, 144L, 87L, 22L, NA, NA, 2L, 29L, \",\"NA, 77L, 61L, 84L, 93L, 76L, 38L, 9L, NA, NA, 0L, 2L, 44L, 44L, \",\"92L, 108L, NA, 158L, 213L, 94L, 33L, NA, NA, NA, 23L, 51L, 89L, \",\"77L, 83L, 53L, 48L, 29L, 2L, NA, NA, NA, 9L, 26L, 26L, 39L, 48L, \",\"69L, 69L, 77L, 30L, 7L, 1L, 0L, NA, NA, NA, NA, NA, NA, NA, NA, \",\"NA, NA, NA, NA, NA, NA, NA, NA, 99L, NA, NA, NA, 102L, 104L, \",\"108L, 56L, 30L, 52L, 191L, NA, NA, 334L, 301L, 267L, 241L, 145L, \",\"NA, 27L, 3L, 29L, 82L, 214L, 151L, NA, NA)\"]},{\"type\":\"integer\",\"attributes\":{},\"value\":[0]},{\"type\":\"double\",\"attributes\":{},\"value\":[0]},{\"type\":\"integer\",\"attributes\":{},\"value\":[276]},{\"type\":\"list\",\"attributes\":{\"names\":{\"type\":\"character\",\"attributes\":{},\"value\":[\"phi\",\"theta\",\"Delta\",\"Z\",\"a\",\"P\",\"T\",\"V\",\"h\",\"Pn\"]}},\"value\":[{\"type\":\"double\",\"attributes\":{},\"value\":[]},{\"type\":\"double\",\"attributes\":{},\"value\":[-0.00263306,-0.11515979,-0.21551383,-0.24894156,-0.29025335]},{\"type\":\"double\",\"attributes\":{},\"value\":[1]},{\"type\":\"double\",\"attributes\":{},\"value\":[1,0,0,0,0,0,1]},{\"type\":\"double\",\"attributes\":{},\"value\":[-22.0051782,-17.31815917,-13.78688381,20.74918284,0,0,139.95684276]},{\"type\":\"double\",\"attributes\":{\"dim\":{\"type\":\"integer\",\"attributes\":{},\"value\":[7,7]}},\"value\":[1.00241349,-0.00091644,-0.11405108,-0.21529187,-0.24817731,-0.29025335,0.000357,-0.00091644,0.01486263,0.02635627,0.03029629,0.03408099,0.00076426,-0.11425222,-0.11405108,0.02635627,0.06100114,0.07997817,0.09122167,0.03342551,-0.21582074,-0.21529187,0.03029629,0.07997817,0.11081786,0.12590647,0.06255361,-0.25087173,-0.24817731,0.03408099,0.09122167,0.12590647,0.14621891,0.07225612,-0.29025335,-0.29025335,0.00076426,0.03342551,0.06255361,0.07225612,0.084247,0,0.000357,-0.11425222,-0.21582074,-0.25087173,-0.29025335,0,1.00475821]},{\"type\":\"double\",\"attributes\":{\"dim\":{\"type\":\"integer\",\"attributes\":{},\"value\":[7,7]}},\"value\":[0,0,0,0,0,0,1,1,0,0,0,0,0,0,0,1,0,0,0,0,0,0,0,1,0,0,0,0,0,0,0,1,0,0,0,0,0,0,0,1,0,0,0,0,0,0,0,0,1]},{\"type\":\"double\",\"attributes\":{\"dim\":{\"type\":\"integer\",\"attributes\":{},\"value\":[7,7]}},\"value\":[1,-0.00263306,-0.11515979,-0.21551383,-0.24894156,-0.29025335,0,-0.00263306,6.93301973e-06,0.00030322,0.00056746,0.00065548,0.00076426,0,-0.11515979,0.00030322,0.01326178,0.02481853,0.02866806,0.03342551,0,-0.21551383,0.00056746,0.02481853,0.04644621,0.05365035,0.06255361,0,-0.24894156,0.00065548,0.02866806,0.05365035,0.0619719,0.07225612,0,-0.29025335,0.00076426,0.03342551,0.06255361,0.07225612,0.084247,0,0,0,0,0,0,0,0]},{\"type\":\"double\",\"attributes\":{},\"value\":[0]},{\"type\":\"double\",\"attributes\":{\"dim\":{\"type\":\"integer\",\"attributes\":{},\"value\":[7,7]}},\"value\":[1.00241349,-0.00091644,-0.11405108,-0.21529187,-0.24817731,-0.29025335,0.000357,-0.00091644,0.01486263,0.02635627,0.03029629,0.03408099,0.00076426,-0.11425222,-0.11405108,0.02635627,0.06100114,0.07997817,0.09122167,0.03342551,-0.21582074,-0.21529187,0.03029629,0.07997817,0.11081786,0.12590647,0.06255361,-0.25087173,-0.24817731,0.03408099,0.09122167,0.12590647,0.14621891,0.07225612,-0.29025335,-0.29025335,0.00076426,0.03342551,0.06255361,0.07225612,0.084247,0,0.000357,-0.11425222,-0.21582074,-0.25087173,-0.29025335,0,1.00475821]}]},{\"type\":\"double\",\"attributes\":{},\"value\":[2748.99547682]},{\"type\":\"double\",\"attributes\":{},\"value\":[2727.58533928]},{\"type\":\"integer\",\"attributes\":{\"tsp\":{\"type\":\"double\",\"attributes\":{},\"value\":[1,354,1]},\"class\":{\"type\":\"character\",\"attributes\":{},\"value\":[\"ts\"]}},\"value\":[0,0,1,3,6,9,17,40,60,67,51,17,6,5,11,28,40,27,41,38,57,34,16,1,0,\"NA\",0,15,65,52,54,77,50,\"NA\",9,1,0,1,0,0,\"NA\",21,23,26,40,45,40,8,0,0,1,\"NA\",2,9,23,20,\"NA\",\"NA\",12,23,44,33,32,31,\"NA\",\"NA\",37,59,72,\"NA\",58,14,\"NA\",3,1,\"NA\",\"NA\",18,23,16,\"NA\",\"NA\",66,52,24,7,\"NA\",\"NA\",4,13,49,51,59,86,\"NA\",26,53,25,11,7,11,15,52,65,60,95,97,68,26,7,3,0,0,1,5,\"NA\",28,\"NA\",\"NA\",47,61,54,\"NA\",11,3,\"NA\",\"NA\",41,\"NA\",52,69,110,104,97,41,6,8,8,15,28,68,67,\"NA\",132,\"NA\",59,103,169,132,\"NA\",74,134,99,86,131,160,\"NA\",138,43,26,4,1,7,13,45,75,69,83,42,49,48,17,5,0,0,3,19,50,51,60,49,28,9,4,1,0,0,2,7,22,22,\"NA\",39,\"NA\",104,\"NA\",36,\"NA\",2,0,12,56,73,\"NA\",118,147,135,165,161,\"NA\",\"NA\",8,26,61,116,\"NA\",203,285,238,166,122,39,8,0,4,17,95,100,\"NA\",152,\"NA\",128,\"NA\",78,\"NA\",5,5,36,97,103,141,202,111,210,135,78,42,\"NA\",17,41,94,134,102,164,229,247,144,87,22,\"NA\",\"NA\",2,29,\"NA\",77,61,84,93,76,38,9,\"NA\",\"NA\",0,2,44,44,92,108,\"NA\",158,213,94,33,\"NA\",\"NA\",\"NA\",23,51,89,77,83,53,48,29,2,\"NA\",\"NA\",\"NA\",9,26,26,39,48,69,69,77,30,7,1,0,\"NA\",\"NA\",\"NA\",\"NA\",\"NA\",\"NA\",\"NA\",\"NA\",\"NA\",\"NA\",\"NA\",\"NA\",\"NA\",\"NA\",\"NA\",\"NA\",99,\"NA\",\"NA\",\"NA\",102,104,108,56,30,52,191,\"NA\",\"NA\",334,301,267,241,145,\"NA\",27,3,29,82,214,151,\"NA\",\"NA\"]},{\"type\":\"double\",\"attributes\":{\"tsp\":{\"type\":\"double\",\"attributes\":{},\"value\":[1,354,1]},\"class\":{\"type\":\"character\",\"attributes\":{},\"value\":[\"ts\"]}},\"value\":[0,0,0.08240397,1.28062324,3.42731268,6.29040184,8.9025467,17.22444242,40.19724997,57.33569563,59.4381311,38.66862753,4.36328687,1.6832126,8.32132925,18.03625688,33.20457687,37.33157966,22.79387858,37.79816449,34.00297362,53.97842929,29.89157334,7.863786,0.84053472,\"NA\",8.71436929,6.52761037,19.53046653,67.43041323,48.72120123,45.72608435,65.94434679,\"NA\",26.76040651,4.52718577,0.06089619,10.71948019,8.41863854,5.68388161,\"NA\",12.47526018,26.40875935,24.85002106,25.24182237,37.3943594,42.04310003,36.6801026,2.63483829,-2.44524147,4.77010416,\"NA\",13.2510092,3.90025424,11.89532505,27.20726618,\"NA\",\"NA\",15.95833407,11.45578683,26.68815297,44.61738933,29.5646106,26.9555591,\"NA\",\"NA\",29.37463905,34.24691476,55.83197016,\"NA\",56.52633058,45.35686202,\"NA\",1.92073892,8.95472877,\"NA\",\"NA\",18.83922666,20.12000084,25.51439819,\"NA\",\"NA\",37.50313908,61.94038969,45.01596907,12.58692469,\"NA\",\"NA\",10.83959345,12.72012383,17.08458635,52.14752416,49.28653743,53.2384656,\"NA\",51.27679294,19.11439695,48.20822705,20.15190878,15.99714821,9.73331644,9.87176971,25.75529027,55.95243962,63.13444629,51.6731164,85.2806099,82.79484499,55.5150011,15.38307957,-1.88434409,10.59254768,12.90971873,10.85104214,6.00973689,\"NA\",21.38913004,\"NA\",\"NA\",38.97152857,43.27739416,56.89633036,\"NA\",33.12815208,7.33854866,\"NA\",\"NA\",29.5256118,\"NA\",44.94830737,46.738048,64.08134931,102.64879743,91.28174512,78.39551958,22.7458107,-4.12789375,16.19800295,17.85271598,28.24163948,31.95250245,67.08082251,\"NA\",80.39711893,\"NA\",85.27817308,44.40488294,89.9581197,159.51027761,\"NA\",90.06090176,45.30100981,122.00724341,102.12067876,75.84338071,117.91793171,\"NA\",132.76359343,119.20152423,15.1327007,20.78195427,16.98509854,19.64093556,31.86701194,18.98340503,58.67896484,83.80932287,69.89776036,80.14419044,32.17062728,49.48293379,55.32972779,19.34015633,16.65047651,5.43750166,14.99169991,21.93956904,29.8671779,59.05631107,53.89981908,60.78534202,45.90586405,24.25089695,14.46093284,10.80504606,13.39457932,12.41187684,10.71836866,11.81560657,16.87160809,31.39737893,\"NA\",34.00906109,\"NA\",59.23513345,\"NA\",73.47966649,\"NA\",10.60550122,6.52098017,16.13992396,23.92778694,60.8241178,\"NA\",82.59719302,105.75255488,126.62311199,115.20660734,141.81087355,\"NA\",\"NA\",56.58451247,-1.82669036,37.06306658,79.47378953,\"NA\",139.50758575,176.15276391,254.378165,194.11644687,120.38332757,86.61296946,18.01357126,25.09782701,19.27019349,20.43963912,40.36297287,107.65704724,\"NA\",115.16192467,\"NA\",119.16663255,\"NA\",94.40912333,\"NA\",49.97868137,12.93401172,21.54534156,56.37418771,113.66203393,106.39788702,131.8682664,185.73218287,86.66910816,197.59443498,109.61386818,57.02237198,\"NA\",32.23914427,47.50997557,57.54633812,104.10726991,137.05137564,96.2519087,153.77251038,210.27456794,223.56307907,117.01954098,49.97265755,\"NA\",\"NA\",41.1509488,24.9536385,\"NA\",69.71906663,87.51221369,65.15857392,83.55628314,93.73515294,75.74369297,41.23840645,\"NA\",\"NA\",26.84522626,23.55736683,20.03432281,57.91188331,55.51906273,98.73812017,\"NA\",112.83890394,147.34691553,189.49618435,68.97752938,\"NA\",\"NA\",\"NA\",44.09187914,39.30222566,60.64426719,95.36110326,76.71279152,78.36906715,46.61771668,46.13842762,37.98971003,\"NA\",\"NA\",\"NA\",30.99984446,25.24767903,34.99404174,34.90448612,46.63039944,53.15811958,69.60406491,68.34938755,72.06685563,24.87511648,5.63065692,10.19347412,\"NA\",\"NA\",\"NA\",\"NA\",\"NA\",\"NA\",\"NA\",\"NA\",\"NA\",\"NA\",\"NA\",\"NA\",\"NA\",\"NA\",\"NA\",\"NA\",71.30485101,\"NA\",\"NA\",\"NA\",79.73125031,92.13062554,95.65014365,96.96873355,44.54709374,25.65670407,57.10965743,\"NA\",\"NA\",231.04007911,275.17789052,229.62628535,220.8300835,196.28109318,\"NA\",74.65775224,26.19696973,20.80982777,61.8769881,104.40113081,223.52687096,\"NA\",\"NA\"]}]}"]
