["{\"type\":\"list\",\"attributes\":{\"names\":{\"type\":\"character\",\"attributes\":{},\"value\":[\"coef\",\"sigma2\",\"var.coef\",\"mask\",\"loglik\",\"aic\",\"arma\",\"residuals\",\"call\",\"series\",\"code\",\"n.cond\",\"nobs\",\"model\",\"bic\",\"aicc\",\"x\",\"fitted\"]},\"class\":{\"type\":\"character\",\"attributes\":{},\"value\":[\"forecast_ARIMA\",\"ARIMA\",\"Arima\"]}},\"value\":[{\"type\":\"double\",\"attributes\":{\"names\":{\"type\":\"character\",\"attributes\":{},\"value\":[\"ma1\",\"ma2\",\"ma3\",\"ma4\",\"ma5\"]}},\"value\":[-0.25278618,-0.06195468,-0.05798493,-0.10444606,-0.13755019]},{\"type\":\"double\",\"attributes\":{},\"value\":[13.2897594]},{\"type\":\"double\",\"attributes\":{\"dim\":{\"type\":\"integer\",\"attributes\":{},\"value\":[5,5]},\"dimnames\":{\"type\":\"list\",\"attributes\":{},\"value\":[{\"type\":\"character\",\"attributes\":{},\"value\":[\"ma1\",\"ma2\",\"ma3\",\"ma4\",\"ma5\"]},{\"type\":\"character\",\"attributes\":{},\"value\":[\"ma1\",\"ma2\",\"ma3\",\"ma4\",\"ma5\"]}]}},\"value\":[0.00391454,-0.00134891,-0.00056048,0.00012106,-0.00087824,-0.00134891,0.00441646,-0.00062428,-0.00106293,-0.00025802,-0.00056048,-0.00062428,0.00415487,-0.0014855,-0.00012216,0.00012106,-0.00106293,-0.0014855,0.0050434,-0.00099179,-0.00087824,-0.00025802,-0.00012216,-0.00099179,0.00488996]},{\"type\":\"logical\",\"attributes\":{},\"value\":[true,true,true,true,true]},{\"type\":\"double\",\"attributes\":{},\"value\":[-759.07098452]},{\"type\":\"double\",\"attributes\":{},\"value\":[1530.14196903]},{\"type\":\"integer\",\"attributes\":{},\"value\":[0,5,0,0,1,1,0]},{\"type\":\"double\",\"attributes\":{\"tsp\":{\"type\":\"double\",\"attributes\":{},\"value\":[1,354,1]},\"class\":{\"type\":\"character\",\"attributes\":{},\"value\":[\"ts\"]}},\"value\":[0,0.95305958,-0.78339071,-0.13358782,1.91404122,1.41738675,-2.51296391,-0.56025018,0.9568763,0.46682116,3.07183571,-2.54944193,-0.40692319,3.09337079,3.98753865,2.32635099,-0.3831961,-4.45684013,-0.17405326,-1.5504417,-0.38029419,0.28014308,0.32638821,0.89197181,-2.99100102,\"NA\",0.98864067,5.17476933,-1.79982741,2.58282059,1.02196603,-0.06610935,-0.28078631,\"NA\",-2.04566595,5.59822038,-0.79764293,-3.08850186,-3.81005384,0.08291936,\"NA\",1.31130987,0.49563504,1.72065536,-3.37429433,0.50884578,-0.7986168,-2.11820248,0.32885722,-1.50599497,1.50330552,\"NA\",-1.82255609,-0.45908974,0.68019968,0.14992694,\"NA\",\"NA\",-1.00385186,1.85701997,-1.62910212,-0.43833516,-0.25784223,-0.11646444,\"NA\",\"NA\",1.14211031,-0.77032547,-0.07073145,\"NA\",0.98314903,0.27300452,\"NA\",3.32604758,-4.0012888,\"NA\",\"NA\",-0.81991315,0.77819041,1.54632037,\"NA\",\"NA\",0.2953554,-0.65807593,2.07966014,8.49392349,\"NA\",\"NA\",-0.96421608,-4.03242143,-0.98390582,9.28044792,-2.05153572,0.5996709,\"NA\",-5.87761548,4.66079451,1.46279468,-0.87457951,-2.80822565,5.08611413,10.83586503,1.00069641,3.81116295,-10.200632,2.54090692,2.82540442,-3.18417874,-0.02370867,0.82279769,-0.33357614,-2.97863892,-2.16634463,-1.66880349,-2.65041759,\"NA\",-2.52568485,\"NA\",\"NA\",-1.81807489,-1.83949272,3.01435001,\"NA\",-1.47370787,2.44659291,\"NA\",\"NA\",-1.48857394,\"NA\",1.48182742,1.11102594,-2.79380798,-2.60539222,3.48283772,1.82770437,2.38233084,-1.73822456,1.81930481,0.15913402,-0.44917116,-1.85201929,-2.5356612,\"NA\",-0.64406061,\"NA\",-1.70174859,0.16741151,0.78497025,4.95041762,\"NA\",0.96900211,6.593042,7.37022738,-4.90545325,0.8009743,7.01512815,\"NA\",-6.26391264,10.26615279,-3.09185757,-4.81456753,-3.7947029,-1.16996731,1.26913571,-2.89928619,-0.77913176,1.05328125,-2.97788137,-1.86053939,-0.07377124,-2.30368717,1.13916718,1.53711121,-3.93804775,-2.08493603,1.12022703,1.2429048,-1.93717653,-0.10716843,-1.24481665,-0.14973358,-0.15255403,-1.39767188,-0.51620221,-0.41279022,0.74609804,-1.03386791,-0.48522405,-0.25756639,-0.13397221,-0.08331691,\"NA\",-0.27537557,\"NA\",-0.13627639,\"NA\",-0.10541593,\"NA\",-0.08137576,-0.04549962,-0.03594032,-0.03221622,-0.02656698,\"NA\",-0.03012161,-0.01695417,-0.01399689,0.98761431,3.23652471,\"NA\",\"NA\",7.31413668,-2.76626951,-0.35153301,0.89356242,\"NA\",2.07437068,-2.85242569,-1.49867669,5.77562387,-1.47618408,2.8610757,0.41763947,-2.40492904,0.22585944,2.02884041,-2.17642708,-1.60475361,\"NA\",-1.37183731,\"NA\",0.8368856,\"NA\",5.32630519,\"NA\",-0.11115445,19.44387318,6.71637976,-4.34289974,-3.44462422,-3.92221993,-7.10517093,4.23092339,-3.55277162,3.06952995,0.52322235,1.5810951,\"NA\",1.42659609,6.87462967,3.09210941,8.60780802,-1.97653913,7.02298916,-19.58373744,1.69823342,4.60230468,5.5978097,2.72289656,\"NA\",\"NA\",-6.76253332,-5.51461492,\"NA\",-6.67180492,-2.90686706,-6.46304294,-0.30113368,0.22744197,-1.3356898,-1.40362607,\"NA\",\"NA\",-1.90412157,1.20916791,4.87527544,0.99815344,-0.63091078,-7.83597951,\"NA\",-0.81767827,-1.57688651,6.63121869,5.40778329,\"NA\",\"NA\",\"NA\",-3.66580617,-3.18611586,1.56189577,-2.35844864,1.8309425,-4.19413158,0.65386882,-2.02127419,2.15347263,\"NA\",\"NA\",\"NA\",-2.0967747,4.71744746,-2.14301644,-2.51221236,-0.7911317,-0.2491453,-0.83839017,1.17063875,3.80270446,-0.14972773,-2.85514195,2.49689316,\"NA\",\"NA\",\"NA\",\"NA\",\"NA\",\"NA\",\"NA\",\"NA\",\"NA\",\"NA\",\"NA\",\"NA\",\"NA\",\"NA\",\"NA\",\"NA\",-0.69098714,\"NA\",\"NA\",\"NA\",0.99471561,1.15972541,-0.55046334,6.0351455,-2.32785939,-3.00388255,1.55720131,\"NA\",\"NA\",-1.68680047,-0.64210144,2.83918612,1.38933245,4.2446859,\"NA\",2.92495361,13.41039707,5.26500504,8.11638112,-0.31626576,2.33888733,\"NA\",\"NA\"]},{\"type\":\"language\",\"attributes\":{},\"value\":[\"auto.arima(y = c(0L, 1L, 0L, 0L, 2L, 3L, 0L, 0L, 1L, 1L, 4L, \",\"1L, 1L, 4L, 7L, 8L, 7L, 2L, 2L, 0L, 0L, 1L, 2L, 3L, 0L, NA, 2L, \",\"7L, 4L, 7L, 7L, 6L, 5L, NA, 2L, 8L, 6L, 3L, 0L, 1L, NA, 3L, 4L, \",\"6L, 2L, 3L, 2L, 0L, 1L, 0L, 2L, NA, 0L, 0L, 1L, 1L, NA, NA, 0L, \",\"2L, 0L, 0L, 0L, 0L, NA, NA, 2L, 1L, 1L, NA, 2L, 2L, NA, 6L, 1L, \",\"NA, NA, 0L, 1L, 3L, NA, NA, 3L, 2L, 4L, 12L, NA, NA, 7L, 2L, \",\"1L, 11L, 7L, 8L, NA, 0L, 5L, 6L, 5L, 3L, 9L, 18L, 16L, 19L, 7L, \",\"10L, 11L, 7L, 8L, 10L, 9L, 6L, 5L, 4L, 2L, NA, 1L, NA, NA, 1L, \",\"0L, 4L, NA, 2L, 5L, NA, NA, 2L, NA, 4L, 5L, 2L, 0L, 4L, 5L, 7L, \",\"5L, 7L, 6L, 5L, 3L, 1L, NA, 1L, NA, 0L, 1L, 2L, 7L, NA, 7L, 13L, \",\"18L, 10L, 11L, 17L, NA, 5L, 17L, 11L, 6L, 4L, 4L, 5L, 3L, 4L, \",\"6L, 3L, 2L, 3L, 1L, 3L, 5L, 1L, 0L, 2L, 3L, 1L, 2L, 1L, 1L, 1L, \",\"0L, 0L, 0L, 1L, 0L, 0L, 0L, 0L, 0L, NA, 0L, NA, 0L, NA, 0L, NA, \",\"0L, 0L, 0L, 0L, 0L, NA, 0L, 0L, 0L, 1L, 4L, NA, NA, 13L, 8L, \",\"7L, 7L, NA, 8L, 5L, 4L, 10L, 7L, 10L, 10L, 7L, 7L, 9L, 6L, 5L, \",\"NA, 4L, NA, 6L, NA, 13L, NA, 11L, 30L, 31L, 23L, 19L, 14L, 5L, \",\"11L, 8L, 13L, 14L, 16L, NA, 17L, 23L, 24L, 31L, 26L, 32L, 9L, \",\"14L, 18L, 23L, 25L, NA, NA, 14L, 9L, NA, 4L, 4L, 0L, 3L, 5L, \",\"5L, 5L, NA, NA, 4L, 6L, 11L, 11L, 10L, 2L, NA, 2L, 1L, 9L, 14L, \",\"NA, NA, NA, 4L, 1L, 4L, 2L, 5L, 1L, 3L, 1L, 4L, NA, NA, NA, 1L, \",\"6L, 3L, 1L, 1L, 1L, 0L, 2L, 6L, 5L, 2L, 5L, NA, NA, NA, NA, NA, \",\"NA, NA, NA, NA, NA, NA, NA, NA, NA, NA, NA, 2L, NA, NA, NA, 4L, \",\"5L, 4L, 10L, 6L, 3L, 5L, NA, NA, 2L, 2L, 5L, 6L, 10L, NA, 12L, \",\"24L, 25L, 30L, 26L, 26L, NA, NA), x = structure(list(x = structure(c(0L, \",\"1L, 0L, 0L, 2L, 3L, 0L, 0L, 1L, 1L, 4L, 1L, 1L, 4L, 7L, 8L, 7L, \",\"2L, 2L, 0L, 0L, 1L, 2L, 3L, 0L, NA, 2L, 7L, 4L, 7L, 7L, 6L, 5L, \",\"NA, 2L, 8L, 6L, 3L, 0L, 1L, NA, 3L, 4L, 6L, 2L, 3L, 2L, 0L, 1L, \",\"0L, 2L, NA, 0L, 0L, 1L, 1L, NA, NA, 0L, 2L, 0L, 0L, 0L, 0L, NA, \",\"NA, 2L, 1L, 1L, NA, 2L, 2L, NA, 6L, 1L, NA, NA, 0L, 1L, 3L, NA, \",\"NA, 3L, 2L, 4L, 12L, NA, NA, 7L, 2L, 1L, 11L, 7L, 8L, NA, 0L, \",\"5L, 6L, 5L, 3L, 9L, 18L, 16L, 19L, 7L, 10L, 11L, 7L, 8L, 10L, \",\"9L, 6L, 5L, 4L, 2L, NA, 1L, NA, NA, 1L, 0L, 4L, NA, 2L, 5L, NA, \",\"NA, 2L, NA, 4L, 5L, 2L, 0L, 4L, 5L, 7L, 5L, 7L, 6L, 5L, 3L, 1L, \",\"NA, 1L, NA, 0L, 1L, 2L, 7L, NA, 7L, 13L, 18L, 10L, 11L, 17L, \",\"NA, 5L, 17L, 11L, 6L, 4L, 4L, 5L, 3L, 4L, 6L, 3L, 2L, 3L, 1L, \",\"3L, 5L, 1L, 0L, 2L, 3L, 1L, 2L, 1L, 1L, 1L, 0L, 0L, 0L, 1L, 0L, \",\"0L, 0L, 0L, 0L, NA, 0L, NA, 0L, NA, 0L, NA, 0L, 0L, 0L, 0L, 0L, \",\"NA, 0L, 0L, 0L, 1L, 4L, NA, NA, 13L, 8L, 7L, 7L, NA, 8L, 5L, \",\"4L, 10L, 7L, 10L, 10L, 7L, 7L, 9L, 6L, 5L, NA, 4L, NA, 6L, NA, \",\"13L, NA, 11L, 30L, 31L, 23L, 19L, 14L, 5L, 11L, 8L, 13L, 14L, \",\"16L, NA, 17L, 23L, 24L, 31L, 26L, 32L, 9L, 14L, 18L, 23L, 25L, \",\"NA, NA, 14L, 9L, NA, 4L, 4L, 0L, 3L, 5L, 5L, 5L, NA, NA, 4L, \",\"6L, 11L, 11L, 10L, 2L, NA, 2L, 1L, 9L, 14L, NA, NA, NA, 4L, 1L, \",\"4L, 2L, 5L, 1L, 3L, 1L, 4L, NA, NA, NA, 1L, 6L, 3L, 1L, 1L, 1L, \",\"0L, 2L, 6L, 5L, 2L, 5L, NA, NA, NA, NA, NA, NA, NA, NA, NA, NA, \",\"NA, NA, NA, NA, NA, NA, 2L, NA, NA, NA, 4L, 5L, 4L, 10L, 6L, \",\"3L, 5L, NA, NA, 2L, 2L, 5L, 6L, 10L, NA, 12L, 24L, 25L, 30L, \",\"26L, 26L, NA, NA), tsp = c(1, 354, 1), class = \\\"ts\\\")), class = \\\"data.frame\\\", row.names = c(NA, \",\"-354L)))\"]},{\"type\":\"character\",\"attributes\":{},\"value\":[\"c(0L, 1L, 0L, 0L, 2L, 3L, 0L, 0L, 1L, 1L, 4L, 1L, 1L, 4L, 7L, \",\"8L, 7L, 2L, 2L, 0L, 0L, 1L, 2L, 3L, 0L, NA, 2L, 7L, 4L, 7L, 7L, \",\"6L, 5L, NA, 2L, 8L, 6L, 3L, 0L, 1L, NA, 3L, 4L, 6L, 2L, 3L, 2L, \",\"0L, 1L, 0L, 2L, NA, 0L, 0L, 1L, 1L, NA, NA, 0L, 2L, 0L, 0L, 0L, \",\"0L, NA, NA, 2L, 1L, 1L, NA, 2L, 2L, NA, 6L, 1L, NA, NA, 0L, 1L, \",\"3L, NA, NA, 3L, 2L, 4L, 12L, NA, NA, 7L, 2L, 1L, 11L, 7L, 8L, \",\"NA, 0L, 5L, 6L, 5L, 3L, 9L, 18L, 16L, 19L, 7L, 10L, 11L, 7L, \",\"8L, 10L, 9L, 6L, 5L, 4L, 2L, NA, 1L, NA, NA, 1L, 0L, 4L, NA, \",\"2L, 5L, NA, NA, 2L, NA, 4L, 5L, 2L, 0L, 4L, 5L, 7L, 5L, 7L, 6L, \",\"5L, 3L, 1L, NA, 1L, NA, 0L, 1L, 2L, 7L, NA, 7L, 13L, 18L, 10L, \",\"11L, 17L, NA, 5L, 17L, 11L, 6L, 4L, 4L, 5L, 3L, 4L, 6L, 3L, 2L, \",\"3L, 1L, 3L, 5L, 1L, 0L, 2L, 3L, 1L, 2L, 1L, 1L, 1L, 0L, 0L, 0L, \",\"1L, 0L, 0L, 0L, 0L, 0L, NA, 0L, NA, 0L, NA, 0L, NA, 0L, 0L, 0L, \",\"0L, 0L, NA, 0L, 0L, 0L, 1L, 4L, NA, NA, 13L, 8L, 7L, 7L, NA, \",\"8L, 5L, 4L, 10L, 7L, 10L, 10L, 7L, 7L, 9L, 6L, 5L, NA, 4L, NA, \",\"6L, NA, 13L, NA, 11L, 30L, 31L, 23L, 19L, 14L, 5L, 11L, 8L, 13L, \",\"14L, 16L, NA, 17L, 23L, 24L, 31L, 26L, 32L, 9L, 14L, 18L, 23L, \",\"25L, NA, NA, 14L, 9L, NA, 4L, 4L, 0L, 3L, 5L, 5L, 5L, NA, NA, \",\"4L, 6L, 11L, 11L, 10L, 2L, NA, 2L, 1L, 9L, 14L, NA, NA, NA, 4L, \",\"1L, 4L, 2L, 5L, 1L, 3L, 1L, 4L, NA, NA, NA, 1L, 6L, 3L, 1L, 1L, \",\"1L, 0L, 2L, 6L, 5L, 2L, 5L, NA, NA, NA, NA, NA, NA, NA, NA, NA, \",\"NA, NA, NA, NA, NA, NA, NA, 2L, NA, NA, NA, 4L, 5L, 4L, 10L, \",\"6L, 3L, 5L, NA, NA, 2L, 2L, 5L, 6L, 10L, NA, 12L, 24L, 25L, 30L, \",\"26L, 26L, NA, NA)\"]},{\"type\":\"integer\",\"attributes\":{},\"value\":[0]},{\"type\":\"double\",\"attributes\":{},\"value\":[0]},{\"type\":\"integer\",\"attributes\":{},\"value\":[276]},{\"type\":\"list\",\"attributes\":{\"names\":{\"type\":\"character\",\"attributes\":{},\"value\":[\"phi\",\"theta\",\"Delta\",\"Z\",\"a\",\"P\",\"T\",\"V\",\"h\",\"Pn\"]}},\"value\":[{\"type\":\"double\",\"attributes\":{},\"value\":[]},{\"type\":\"double\",\"attributes\":{},\"value\":[-0.25278618,-0.06195468,-0.05798493,-0.10444606,-0.13755019]},{\"type\":\"double\",\"attributes\":{},\"value\":[1]},{\"type\":\"double\",\"attributes\":{},\"value\":[1,0,0,0,0,0,1]},{\"type\":\"double\",\"attributes\":{},\"value\":[-1.69848058,-1.21944996,-0.20120557,-0.32068346,0,0,22.57435345]},{\"type\":\"double\",\"attributes\":{\"dim\":{\"type\":\"integer\",\"attributes\":{},\"value\":[7,7]}},\"value\":[1.06392469,-0.23710046,-0.0472761,-0.0315698,-0.06967527,-0.13755019,-0.25273726,-0.23710046,0.06780342,0.0192703,0.02107759,0.0349244,0.03477079,-0.06208401,-0.0472761,0.0192703,0.00722405,0.00967386,0.01444676,0.00852188,-0.05790394,-0.0315698,0.02107759,0.00967386,0.0143923,0.02042287,0.00797584,-0.10410236,-0.06967527,0.0349244,0.01444676,0.02042287,0.02982903,0.01436658,-0.13755019,-0.13755019,0.03477079,0.00852188,0.00797584,0.01436658,0.01892006,0,-0.25273726,-0.06208401,-0.05790394,-0.10410236,-0.13755019,0,1.00098496]},{\"type\":\"double\",\"attributes\":{\"dim\":{\"type\":\"integer\",\"attributes\":{},\"value\":[7,7]}},\"value\":[0,0,0,0,0,0,1,1,0,0,0,0,0,0,0,1,0,0,0,0,0,0,0,1,0,0,0,0,0,0,0,1,0,0,0,0,0,0,0,1,0,0,0,0,0,0,0,0,1]},{\"type\":\"double\",\"attributes\":{\"dim\":{\"type\":\"integer\",\"attributes\":{},\"value\":[7,7]}},\"value\":[1,-0.25278618,-0.06195468,-0.05798493,-0.10444606,-0.13755019,0,-0.25278618,0.06390086,0.01566129,0.01465779,0.02640252,0.03477079,0,-0.06195468,0.01566129,0.00383838,0.00359244,0.00647092,0.00852188,0,-0.05798493,0.01465779,0.00359244,0.00336225,0.0060563,0.00797584,0,-0.10444606,0.02640252,0.00647092,0.0060563,0.01090898,0.01436658,0,-0.13755019,0.03477079,0.00852188,0.00797584,0.01436658,0.01892006,0,0,0,0,0,0,0,0]},{\"type\":\"double\",\"attributes\":{},\"value\":[0]},{\"type\":\"double\",\"attributes\":{\"dim\":{\"type\":\"integer\",\"attributes\":{},\"value\":[7,7]}},\"value\":[1.06392469,-0.23710046,-0.0472761,-0.0315698,-0.06967527,-0.13755019,-0.25273726,-0.23710046,0.06780342,0.0192703,0.02107759,0.0349244,0.03477079,-0.06208401,-0.0472761,0.0192703,0.00722405,0.00967386,0.01444676,0.00852188,-0.05790394,-0.0315698,0.02107759,0.00967386,0.0143923,0.02042287,0.00797584,-0.10410236,-0.06967527,0.0349244,0.01444676,0.02042287,0.02982903,0.01436658,-0.13755019,-0.13755019,0.03477079,0.00852188,0.00797584,0.01436658,0.01892006,0,-0.25273726,-0.06208401,-0.05790394,-0.10410236,-0.13755019,0,1.00098496]}]},{\"type\":\"double\",\"attributes\":{},\"value\":[1551.86437423]},{\"type\":\"double\",\"attributes\":{},\"value\":[1530.45423669]},{\"type\":\"integer\",\"attributes\":{\"tsp\":{\"type\":\"double\",\"attributes\":{},\"value\":[1,354,1]},\"class\":{\"type\":\"character\",\"attributes\":{},\"value\":[\"ts\"]}},\"value\":[0,1,0,0,2,3,0,0,1,1,4,1,1,4,7,8,7,2,2,0,0,1,2,3,0,\"NA\",2,7,4,7,7,6,5,\"NA\",2,8,6,3,0,1,\"NA\",3,4,6,2,3,2,0,1,0,2,\"NA\",0,0,1,1,\"NA\",\"NA\",0,2,0,0,0,0,\"NA\",\"NA\",2,1,1,\"NA\",2,2,\"NA\",6,1,\"NA\",\"NA\",0,1,3,\"NA\",\"NA\",3,2,4,12,\"NA\",\"NA\",7,2,1,11,7,8,\"NA\",0,5,6,5,3,9,18,16,19,7,10,11,7,8,10,9,6,5,4,2,\"NA\",1,\"NA\",\"NA\",1,0,4,\"NA\",2,5,\"NA\",\"NA\",2,\"NA\",4,5,2,0,4,5,7,5,7,6,5,3,1,\"NA\",1,\"NA\",0,1,2,7,\"NA\",7,13,18,10,11,17,\"NA\",5,17,11,6,4,4,5,3,4,6,3,2,3,1,3,5,1,0,2,3,1,2,1,1,1,0,0,0,1,0,0,0,0,0,\"NA\",0,\"NA\",0,\"NA\",0,\"NA\",0,0,0,0,0,\"NA\",0,0,0,1,4,\"NA\",\"NA\",13,8,7,7,\"NA\",8,5,4,10,7,10,10,7,7,9,6,5,\"NA\",4,\"NA\",6,\"NA\",13,\"NA\",11,30,31,23,19,14,5,11,8,13,14,16,\"NA\",17,23,24,31,26,32,9,14,18,23,25,\"NA\",\"NA\",14,9,\"NA\",4,4,0,3,5,5,5,\"NA\",\"NA\",4,6,11,11,10,2,\"NA\",2,1,9,14,\"NA\",\"NA\",\"NA\",4,1,4,2,5,1,3,1,4,\"NA\",\"NA\",\"NA\",1,6,3,1,1,1,0,2,6,5,2,5,\"NA\",\"NA\",\"NA\",\"NA\",\"NA\",\"NA\",\"NA\",\"NA\",\"NA\",\"NA\",\"NA\",\"NA\",\"NA\",\"NA\",\"NA\",\"NA\",2,\"NA\",\"NA\",\"NA\",4,5,4,10,6,3,5,\"NA\",\"NA\",2,2,5,6,10,\"NA\",12,24,25,30,26,26,\"NA\",\"NA\"]},{\"type\":\"double\",\"attributes\":{\"tsp\":{\"type\":\"double\",\"attributes\":{},\"value\":[1,354,1]},\"class\":{\"type\":\"character\",\"attributes\":{},\"value\":[\"ts\"]}},\"value\":[0,0.04694042,0.78339071,0.13358782,0.08595878,1.58261325,2.51296391,0.56025018,0.0431237,0.53317884,0.92816429,3.54944193,1.40692319,0.90662921,3.01246135,5.67364901,7.3831961,6.45684013,2.17405326,1.5504417,0.38029419,0.71985692,1.67361179,2.10802819,2.99100102,\"NA\",1.01135933,1.82523067,5.79982741,4.41717941,5.97803397,6.06610935,5.28078631,\"NA\",4.04566595,2.40177962,6.79764293,6.08850186,3.81005384,0.91708064,\"NA\",1.68869013,3.50436496,4.27934464,5.37429433,2.49115422,2.7986168,2.11820248,0.67114278,1.50599497,0.49669448,\"NA\",1.82255609,0.45908974,0.31980032,0.85007306,\"NA\",\"NA\",1.00385186,0.14298003,1.62910212,0.43833516,0.25784223,0.11646444,\"NA\",\"NA\",0.85788969,1.77032547,1.07073145,\"NA\",1.01685097,1.72699548,\"NA\",2.67395242,5.0012888,\"NA\",\"NA\",0.81991315,0.22180959,1.45367963,\"NA\",\"NA\",2.7046446,2.65807593,1.92033986,3.50607651,\"NA\",\"NA\",7.96421608,6.03242143,1.98390582,1.71955208,9.05153572,7.4003291,\"NA\",5.87761548,0.33920549,4.53720532,5.87457951,5.80822565,3.91388587,7.16413497,14.99930359,15.18883705,17.200632,7.45909308,8.17459558,10.18417874,8.02370867,9.17720231,9.33357614,8.97863892,7.16634463,5.66880349,4.65041759,\"NA\",3.52568485,\"NA\",\"NA\",2.81807489,1.83949272,0.98564999,\"NA\",3.47370787,2.55340709,\"NA\",\"NA\",3.48857394,\"NA\",2.51817258,3.88897406,4.79380798,2.60539222,0.51716228,3.17229563,4.61766916,6.73822456,5.18069519,5.84086598,5.44917116,4.85201929,3.5356612,\"NA\",1.64406061,\"NA\",1.70174859,0.83258849,1.21502975,2.04958238,\"NA\",6.03099789,6.406958,10.62977262,14.90545325,10.1990257,9.98487185,\"NA\",11.26391264,6.73384721,14.09185757,10.81456753,7.7947029,5.16996731,3.73086429,5.89928619,4.77913176,4.94671875,5.97788137,3.86053939,3.07377124,3.30368717,1.86083282,3.46288879,4.93804775,2.08493603,0.87977297,1.7570952,2.93717653,2.10716843,2.24481665,1.14973358,1.15255403,1.39767188,0.51620221,0.41279022,0.25390196,1.03386791,0.48522405,0.25756639,0.13397221,0.08331691,\"NA\",0.27537557,\"NA\",0.13627639,\"NA\",0.10541593,\"NA\",0.08137576,0.04549962,0.03594032,0.03221622,0.02656698,\"NA\",0.03012161,0.01695417,0.01399689,0.01238569,0.76347529,\"NA\",\"NA\",5.68586332,10.76626951,7.35153301,6.10643758,\"NA\",5.92562932,7.85242569,5.49867669,4.22437613,8.47618408,7.1389243,9.58236053,9.40492904,6.77414056,6.97115959,8.17642708,6.60475361,\"NA\",5.37183731,\"NA\",5.1631144,\"NA\",7.67369481,\"NA\",11.11115445,10.55612682,24.28362024,27.34289974,22.44462422,17.92221993,12.10517093,6.76907661,11.55277162,9.93047005,13.47677765,14.4189049,\"NA\",15.57340391,16.12537033,20.90789059,22.39219198,27.97653913,24.97701084,28.58373744,12.30176658,13.39769532,17.4021903,22.27710344,\"NA\",\"NA\",20.76253332,14.51461492,\"NA\",10.67180492,6.90686706,6.46304294,3.30113368,4.77255803,6.3356898,6.40362607,\"NA\",\"NA\",5.90412157,4.79083209,6.12472456,10.00184656,10.63091078,9.83597951,\"NA\",2.81767827,2.57688651,2.36878131,8.59221671,\"NA\",\"NA\",\"NA\",7.66580617,4.18611586,2.43810423,4.35844864,3.1690575,5.19413158,2.34613118,3.02127419,1.84652737,\"NA\",\"NA\",\"NA\",3.0967747,1.28255254,5.14301644,3.51221236,1.7911317,1.2491453,0.83839017,0.82936125,2.19729554,5.14972773,4.85514195,2.50310684,\"NA\",\"NA\",\"NA\",\"NA\",\"NA\",\"NA\",\"NA\",\"NA\",\"NA\",\"NA\",\"NA\",\"NA\",\"NA\",\"NA\",\"NA\",\"NA\",2.69098714,\"NA\",\"NA\",\"NA\",3.00528439,3.84027459,4.55046334,3.9648545,8.32785939,6.00388255,3.44279869,\"NA\",\"NA\",3.68680047,2.64210144,2.16081388,4.61066755,5.7553141,\"NA\",9.07504639,10.58960293,19.73499496,21.88361888,26.31626576,23.66111267,\"NA\",\"NA\"]}]}"]
