["{\"type\":\"list\",\"attributes\":{\"names\":{\"type\":\"character\",\"attributes\":{},\"value\":[\"coef\",\"sigma2\",\"var.coef\",\"mask\",\"loglik\",\"aic\",\"arma\",\"residuals\",\"call\",\"series\",\"code\",\"n.cond\",\"nobs\",\"model\",\"bic\",\"aicc\",\"x\",\"fitted\"]},\"class\":{\"type\":\"character\",\"attributes\":{},\"value\":[\"forecast_ARIMA\",\"ARIMA\",\"Arima\"]}},\"value\":[{\"type\":\"double\",\"attributes\":{\"names\":{\"type\":\"character\",\"attributes\":{},\"value\":[\"ma1\",\"ma2\",\"ma3\",\"ma4\",\"ma5\"]}},\"value\":[0.04276003,-0.10963599,-0.22949506,-0.27327277,-0.26585544]},{\"type\":\"double\",\"attributes\":{},\"value\":[942.33203317]},{\"type\":\"double\",\"attributes\":{\"dim\":{\"type\":\"integer\",\"attributes\":{},\"value\":[5,5]},\"dimnames\":{\"type\":\"list\",\"attributes\":{},\"value\":[{\"type\":\"character\",\"attributes\":{},\"value\":[\"ma1\",\"ma2\",\"ma3\",\"ma4\",\"ma5\"]},{\"type\":\"character\",\"attributes\":{},\"value\":[\"ma1\",\"ma2\",\"ma3\",\"ma4\",\"ma5\"]}]}},\"value\":[0.00472522,-0.00072292,-0.0017176,-0.00170862,0.00072242,-0.00072292,0.00529191,-0.0018385,-0.0014516,0.00041006,-0.0017176,-0.0018385,0.00621428,0.00149068,-0.00271586,-0.00170862,-0.0014516,0.00149068,0.00610876,-0.00312917,0.00072242,0.00041006,-0.00271586,-0.00312917,0.00606087]},{\"type\":\"logical\",\"attributes\":{},\"value\":[true,true,true,true,true]},{\"type\":\"double\",\"attributes\":{},\"value\":[-1350.19695878]},{\"type\":\"double\",\"attributes\":{},\"value\":[2712.39391756]},{\"type\":\"integer\",\"attributes\":{},\"value\":[0,5,0,0,1,1,0]},{\"type\":\"double\",\"attributes\":{\"tsp\":{\"type\":\"double\",\"attributes\":{},\"value\":[1,352,1]},\"class\":{\"type\":\"character\",\"attributes\":{},\"value\":[\"ts\"]}},\"value\":[0,0,0.92083697,1.68521879,2.52100646,2.66272655,8.05291176,22.56118624,19.0382671,9.10893973,-8.36481818,-20.90041925,2.30316212,2.660525,1.86684321,9.87050715,7.17322464,-10.75050673,18.47885338,-0.41514274,22.8209508,-21.09607556,-12.54700298,-6.60632403,-0.59023065,\"NA\",-9.32197739,9.30833142,45.13456984,-17.71287403,6.08716109,32.08711707,-16.94648178,\"NA\",-17.78313614,-2.40203082,-1.30458077,-9.9472118,-7.97635294,-4.9939891,\"NA\",8.05519275,-3.53573017,1.65466404,15.08870269,6.75447818,-2.70209984,-28.17085084,-0.9602042,2.17966215,-4.62972918,\"NA\",-10.35308532,5.74112994,10.49439848,-7.77767454,\"NA\",\"NA\",-2.994304,10.94938428,17.03785522,-12.05309824,3.38091378,4.45175155,\"NA\",\"NA\",7.07136074,24.76280463,14.8943161,\"NA\",0.98139949,-31.17389713,\"NA\",1.23143197,-8.61641904,\"NA\",\"NA\",-0.71556751,2.50697098,-9.58571143,\"NA\",\"NA\",27.74171111,-10.87722656,-19.89820344,-4.88295157,\"NA\",\"NA\",-7.51366603,1.13292125,31.77217242,-2.78254126,9.76573344,32.86550657,\"NA\",-26.39105211,34.82891647,-24.74520102,-9.94577745,-8.27636083,2.5518475,3.26529593,25.98035657,7.93254562,-3.24248733,43.53101459,9.56360567,-16.31468483,-29.04615432,-6.31858735,3.52986912,-12.42359295,-12.80277855,-8.45011058,-0.6064289,\"NA\",5.46778136,\"NA\",\"NA\",8.14436481,17.10832561,-4.01354545,\"NA\",-21.35725074,-3.59727476,\"NA\",\"NA\",10.61233047,\"NA\",7.21040227,21.83525595,44.66186926,-1.17861112,5.9111304,-37.47378305,-15.54365793,11.18850368,-9.47618122,-3.5473822,0.54412517,36.3255012,-2.92858815,\"NA\",50.50222696,\"NA\",-27.49678175,59.56763386,75.31585826,-34.37534462,\"NA\",-13.17576669,86.9318818,-31.95023148,-15.96393541,57.29416597,39.80324335,\"NA\",-1.13450296,-74.10545728,12.51403808,-20.35448458,-18.22208675,-14.29323897,-16.29507106,24.69454468,13.48615424,-16.35067232,13.60556449,-37.85381384,16.6040303,-3.6288465,-38.34499405,-13.67489163,-14.9751879,-6.23370075,-12.95466547,-1.49613863,20.48569426,-8.69768133,6.07708032,-11.36508574,-16.64325699,-15.06982904,-9.43952875,-9.55759666,-12.65371175,-11.21546795,-7.68666453,-3.92591999,5.75262104,-8.86926183,\"NA\",6.40810867,\"NA\",44.25144408,\"NA\",-36.30777814,\"NA\",-6.7974071,-7.83058352,-2.99249857,33.68567535,11.12688678,\"NA\",34.7613259,41.40589043,6.1848434,49.44004354,17.2652949,\"NA\",\"NA\",-48.38088112,27.26926806,20.65503893,35.22285068,\"NA\",61.43676235,105.40170285,-22.28481399,-28.32348124,2.60349964,-49.11398774,-13.73632298,-25.97252525,-14.46367626,-5.02820888,53.95307699,-11.9013832,\"NA\",36.16263112,\"NA\",5.67832,\"NA\",-17.06966836,\"NA\",-45.89171895,-7.68639761,13.8121493,38.69986939,-12.87445924,35.51540941,68.77385344,-78.80088096,124.71523683,-66.90259251,-30.33851596,-16.70705595,\"NA\",-16.44107421,-6.67695691,36.63833028,27.31992696,-37.00162087,69.76208806,72.80887277,31.3844578,-83.14274185,-24.05818155,-27.45339551,\"NA\",\"NA\",-41.02686719,6.17316475,\"NA\",5.71475911,-26.66259523,21.12632158,8.7027896,-19.03405135,-37.46127818,-28.95757219,\"NA\",\"NA\",-26.16689346,-19.75964712,26.25940996,-14.84650045,37.78089273,8.91160892,\"NA\",45.12759727,65.26983783,-98.70793327,-31.06945561,\"NA\",\"NA\",\"NA\",-20.57482671,13.93862374,27.72440405,-19.35470873,8.12004353,-24.24754331,3.03986832,-17.97241329,-34.24807747,\"NA\",\"NA\",\"NA\",-19.73589397,2.74192849,-8.53429438,5.48529142,2.53258584,17.30573633,-0.50688598,9.80647156,-41.34246243,-14.8565527,-3.22381406,-9.44732244,\"NA\",\"NA\",\"NA\",\"NA\",\"NA\",\"NA\",\"NA\",\"NA\",\"NA\",\"NA\",\"NA\",\"NA\",\"NA\",\"NA\",\"NA\",\"NA\",28.7413358,\"NA\",\"NA\",\"NA\",21.87926516,10.97012824,11.9101123,-41.69557624,-12.77379465,26.93398082,131.77516996,\"NA\",\"NA\",97.11636409,24.86659642,32.38173939,17.2597206,-54.87123305,\"NA\",-48.73362118,-25.50869778,5.44089858,18.37816844,107.30574824,\"NA\"]},{\"type\":\"language\",\"attributes\":{},\"value\":[\"auto.arima(y = c(0L, 0L, 1L, 3L, 6L, 9L, 17L, 40L, 60L, 67L, \",\"51L, 17L, 6L, 5L, 11L, 28L, 40L, 27L, 41L, 38L, 57L, 34L, 16L, \",\"1L, 0L, NA, 0L, 15L, 65L, 52L, 54L, 77L, 50L, NA, 9L, 1L, 0L, \",\"1L, 0L, 0L, NA, 21L, 23L, 26L, 40L, 45L, 40L, 8L, 0L, 0L, 1L, \",\"NA, 2L, 9L, 23L, 20L, NA, NA, 12L, 23L, 44L, 33L, 32L, 31L, NA, \",\"NA, 37L, 59L, 72L, NA, 58L, 14L, NA, 3L, 1L, NA, NA, 18L, 23L, \",\"16L, NA, NA, 66L, 52L, 24L, 7L, NA, NA, 4L, 13L, 49L, 51L, 59L, \",\"86L, NA, 26L, 53L, 25L, 11L, 7L, 11L, 15L, 52L, 65L, 60L, 95L, \",\"97L, 68L, 26L, 7L, 3L, 0L, 0L, 1L, 5L, NA, 28L, NA, NA, 47L, \",\"61L, 54L, NA, 11L, 3L, NA, NA, 41L, NA, 52L, 69L, 110L, 104L, \",\"97L, 41L, 6L, 8L, 8L, 15L, 28L, 68L, 67L, NA, 132L, NA, 59L, \",\"103L, 169L, 132L, NA, 74L, 134L, 99L, 86L, 131L, 160L, NA, 138L, \",\"43L, 26L, 4L, 1L, 7L, 13L, 45L, 75L, 69L, 83L, 42L, 49L, 48L, \",\"17L, 5L, 0L, 0L, 3L, 19L, 50L, 51L, 60L, 49L, 28L, 9L, 4L, 1L, \",\"0L, 0L, 2L, 7L, 22L, 22L, NA, 39L, NA, 104L, NA, 36L, NA, 2L, \",\"0L, 12L, 56L, 73L, NA, 118L, 147L, 135L, 165L, 161L, NA, NA, \",\"8L, 26L, 61L, 116L, NA, 203L, 285L, 238L, 166L, 122L, 39L, 8L, \",\"0L, 4L, 17L, 95L, 100L, NA, 152L, NA, 128L, NA, 78L, NA, 5L, \",\"5L, 36L, 97L, 103L, 141L, 202L, 111L, 210L, 135L, 78L, 42L, NA, \",\"17L, 41L, 94L, 134L, 102L, 164L, 229L, 247L, 144L, 87L, 22L, \",\"NA, NA, 2L, 29L, NA, 77L, 61L, 84L, 93L, 76L, 38L, 9L, NA, NA, \",\"0L, 2L, 44L, 44L, 92L, 108L, NA, 158L, 213L, 94L, 33L, NA, NA, \",\"NA, 23L, 51L, 89L, 77L, 83L, 53L, 48L, 29L, 2L, NA, NA, NA, 9L, \",\"26L, 26L, 39L, 48L, 69L, 69L, 77L, 30L, 7L, 1L, 0L, NA, NA, NA, \",\"NA, NA, NA, NA, NA, NA, NA, NA, NA, NA, NA, NA, NA, 99L, NA, \",\"NA, NA, 102L, 104L, 108L, 56L, 30L, 52L, 191L, NA, NA, 334L, \",\"301L, 267L, 241L, 145L, NA, 27L, 3L, 29L, 82L, 214L, NA), x = structure(list(\",\"    x = structure(c(0L, 0L, 1L, 3L, 6L, 9L, 17L, 40L, 60L, 67L, \",\"    51L, 17L, 6L, 5L, 11L, 28L, 40L, 27L, 41L, 38L, 57L, 34L, \",\"    16L, 1L, 0L, NA, 0L, 15L, 65L, 52L, 54L, 77L, 50L, NA, 9L, \",\"    1L, 0L, 1L, 0L, 0L, NA, 21L, 23L, 26L, 40L, 45L, 40L, 8L, \",\"    0L, 0L, 1L, NA, 2L, 9L, 23L, 20L, NA, NA, 12L, 23L, 44L, \",\"    33L, 32L, 31L, NA, NA, 37L, 59L, 72L, NA, 58L, 14L, NA, 3L, \",\"    1L, NA, NA, 18L, 23L, 16L, NA, NA, 66L, 52L, 24L, 7L, NA, \",\"    NA, 4L, 13L, 49L, 51L, 59L, 86L, NA, 26L, 53L, 25L, 11L, \",\"    7L, 11L, 15L, 52L, 65L, 60L, 95L, 97L, 68L, 26L, 7L, 3L, \",\"    0L, 0L, 1L, 5L, NA, 28L, NA, NA, 47L, 61L, 54L, NA, 11L, \",\"    3L, NA, NA, 41L, NA, 52L, 69L, 110L, 104L, 97L, 41L, 6L, \",\"    8L, 8L, 15L, 28L, 68L, 67L, NA, 132L, NA, 59L, 103L, 169L, \",\"    132L, NA, 74L, 134L, 99L, 86L, 131L, 160L, NA, 138L, 43L, \",\"    26L, 4L, 1L, 7L, 13L, 45L, 75L, 69L, 83L, 42L, 49L, 48L, \",\"    17L, 5L, 0L, 0L, 3L, 19L, 50L, 51L, 60L, 49L, 28L, 9L, 4L, \",\"    1L, 0L, 0L, 2L, 7L, 22L, 22L, NA, 39L, NA, 104L, NA, 36L, \",\"    NA, 2L, 0L, 12L, 56L, 73L, NA, 118L, 147L, 135L, 165L, 161L, \",\"    NA, NA, 8L, 26L, 61L, 116L, NA, 203L, 285L, 238L, 166L, 122L, \",\"    39L, 8L, 0L, 4L, 17L, 95L, 100L, NA, 152L, NA, 128L, NA, \",\"    78L, NA, 5L, 5L, 36L, 97L, 103L, 141L, 202L, 111L, 210L, \",\"    135L, 78L, 42L, NA, 17L, 41L, 94L, 134L, 102L, 164L, 229L, \",\"    247L, 144L, 87L, 22L, NA, NA, 2L, 29L, NA, 77L, 61L, 84L, \",\"    93L, 76L, 38L, 9L, NA, NA, 0L, 2L, 44L, 44L, 92L, 108L, NA, \",\"    158L, 213L, 94L, 33L, NA, NA, NA, 23L, 51L, 89L, 77L, 83L, \",\"    53L, 48L, 29L, 2L, NA, NA, NA, 9L, 26L, 26L, 39L, 48L, 69L, \",\"    69L, 77L, 30L, 7L, 1L, 0L, NA, NA, NA, NA, NA, NA, NA, NA, \",\"    NA, NA, NA, NA, NA, NA, NA, NA, 99L, NA, NA, NA, 102L, 104L, \",\"    108L, 56L, 30L, 52L, 191L, NA, NA, 334L, 301L, 267L, 241L, \",\"    145L, NA, 27L, 3L, 29L, 82L, 214L, NA), tsp = c(1, 352, 1\",\"    ), class = \\\"ts\\\")), class = \\\"data.frame\\\", row.names = c(NA, \",\"-352L)))\"]},{\"type\":\"character\",\"attributes\":{},\"value\":[\"c(0L, 0L, 1L, 3L, 6L, 9L, 17L, 40L, 60L, 67L, 51L, 17L, 6L, 5L, \",\"11L, 28L, 40L, 27L, 41L, 38L, 57L, 34L, 16L, 1L, 0L, NA, 0L, \",\"15L, 65L, 52L, 54L, 77L, 50L, NA, 9L, 1L, 0L, 1L, 0L, 0L, NA, \",\"21L, 23L, 26L, 40L, 45L, 40L, 8L, 0L, 0L, 1L, NA, 2L, 9L, 23L, \",\"20L, NA, NA, 12L, 23L, 44L, 33L, 32L, 31L, NA, NA, 37L, 59L, \",\"72L, NA, 58L, 14L, NA, 3L, 1L, NA, NA, 18L, 23L, 16L, NA, NA, \",\"66L, 52L, 24L, 7L, NA, NA, 4L, 13L, 49L, 51L, 59L, 86L, NA, 26L, \",\"53L, 25L, 11L, 7L, 11L, 15L, 52L, 65L, 60L, 95L, 97L, 68L, 26L, \",\"7L, 3L, 0L, 0L, 1L, 5L, NA, 28L, NA, NA, 47L, 61L, 54L, NA, 11L, \",\"3L, NA, NA, 41L, NA, 52L, 69L, 110L, 104L, 97L, 41L, 6L, 8L, \",\"8L, 15L, 28L, 68L, 67L, NA, 132L, NA, 59L, 103L, 169L, 132L, \",\"NA, 74L, 134L, 99L, 86L, 131L, 160L, NA, 138L, 43L, 26L, 4L, \",\"1L, 7L, 13L, 45L, 75L, 69L, 83L, 42L, 49L, 48L, 17L, 5L, 0L, \",\"0L, 3L, 19L, 50L, 51L, 60L, 49L, 28L, 9L, 4L, 1L, 0L, 0L, 2L, \",\"7L, 22L, 22L, NA, 39L, NA, 104L, NA, 36L, NA, 2L, 0L, 12L, 56L, \",\"73L, NA, 118L, 147L, 135L, 165L, 161L, NA, NA, 8L, 26L, 61L, \",\"116L, NA, 203L, 285L, 238L, 166L, 122L, 39L, 8L, 0L, 4L, 17L, \",\"95L, 100L, NA, 152L, NA, 128L, NA, 78L, NA, 5L, 5L, 36L, 97L, \",\"103L, 141L, 202L, 111L, 210L, 135L, 78L, 42L, NA, 17L, 41L, 94L, \",\"134L, 102L, 164L, 229L, 247L, 144L, 87L, 22L, NA, NA, 2L, 29L, \",\"NA, 77L, 61L, 84L, 93L, 76L, 38L, 9L, NA, NA, 0L, 2L, 44L, 44L, \",\"92L, 108L, NA, 158L, 213L, 94L, 33L, NA, NA, NA, 23L, 51L, 89L, \",\"77L, 83L, 53L, 48L, 29L, 2L, NA, NA, NA, 9L, 26L, 26L, 39L, 48L, \",\"69L, 69L, 77L, 30L, 7L, 1L, 0L, NA, NA, NA, NA, NA, NA, NA, NA, \",\"NA, NA, NA, NA, NA, NA, NA, NA, 99L, NA, NA, NA, 102L, 104L, \",\"108L, 56L, 30L, 52L, 191L, NA, NA, 334L, 301L, 267L, 241L, 145L, \",\"NA, 27L, 3L, 29L, 82L, 214L, NA)\"]},{\"type\":\"integer\",\"attributes\":{},\"value\":[0]},{\"type\":\"double\",\"attributes\":{},\"value\":[0]},{\"type\":\"integer\",\"attributes\":{},\"value\":[275]},{\"type\":\"list\",\"attributes\":{\"names\":{\"type\":\"character\",\"attributes\":{},\"value\":[\"phi\",\"theta\",\"Delta\",\"Z\",\"a\",\"P\",\"T\",\"V\",\"h\",\"Pn\"]}},\"value\":[{\"type\":\"double\",\"attributes\":{},\"value\":[]},{\"type\":\"double\",\"attributes\":{},\"value\":[0.04276003,-0.10963599,-0.22949506,-0.27327277,-0.26585544]},{\"type\":\"double\",\"attributes\":{},\"value\":[1]},{\"type\":\"double\",\"attributes\":{},\"value\":[1,0,0,0,0,0,1]},{\"type\":\"double\",\"attributes\":{},\"value\":[17.52228495,-10.37448428,-30.85041778,-34.08884693,-28.49101362,0,214]},{\"type\":\"double\",\"attributes\":{\"dim\":{\"type\":\"integer\",\"attributes\":{},\"value\":[7,7]}},\"value\":[1.02200239,0.03651545,-0.11256691,-0.23024636,-0.27342721,-0.26585544,1.09469942e-17,0.03651545,0.00710538,-0.00115004,-0.00796117,-0.01095662,-0.01136799,-3.78172384e-18,-0.11256691,-0.00115004,0.0145933,0.02660214,0.03053612,0.02914732,-3.3189751e-17,-0.23024636,-0.00796117,0.02660214,0.05353175,0.06308153,0.06101251,3.37151916e-18,-0.27342721,-0.01095662,0.03053612,0.06308153,0.07486025,0.07265105,-2.40276807e-17,-0.26585544,-0.01136799,0.02914732,0.06101251,0.07265105,0.07067912,0,1.09469942e-17,-3.78172384e-18,-3.3189751e-17,3.37151916e-18,-2.40276807e-17,0,1.11022302e-16]},{\"type\":\"double\",\"attributes\":{\"dim\":{\"type\":\"integer\",\"attributes\":{},\"value\":[7,7]}},\"value\":[0,0,0,0,0,0,1,1,0,0,0,0,0,0,0,1,0,0,0,0,0,0,0,1,0,0,0,0,0,0,0,1,0,0,0,0,0,0,0,1,0,0,0,0,0,0,0,0,1]},{\"type\":\"double\",\"attributes\":{\"dim\":{\"type\":\"integer\",\"attributes\":{},\"value\":[7,7]}},\"value\":[1,0.04276003,-0.10963599,-0.22949506,-0.27327277,-0.26585544,0,0.04276003,0.00182842,-0.00468804,-0.00981322,-0.01168515,-0.01136799,0,-0.10963599,-0.00468804,0.01202005,0.02516092,0.02996053,0.02914732,0,-0.22949506,-0.00981322,0.02516092,0.05266798,0.06271475,0.06101251,0,-0.27327277,-0.01168515,0.02996053,0.06271475,0.07467801,0.07265105,0,-0.26585544,-0.01136799,0.02914732,0.06101251,0.07265105,0.07067912,0,0,0,0,0,0,0,0]},{\"type\":\"double\",\"attributes\":{},\"value\":[0]},{\"type\":\"double\",\"attributes\":{\"dim\":{\"type\":\"integer\",\"attributes\":{},\"value\":[7,7]}},\"value\":[1.02200239,0.03651545,-0.11256691,-0.23024636,-0.27342721,-0.26585544,1.09469942e-17,0.03651545,0.00710538,-0.00115004,-0.00796117,-0.01095662,-0.01136799,-3.78172384e-18,-0.11256691,-0.00115004,0.0145933,0.02660214,0.03053612,0.02914732,-3.3189751e-17,-0.23024636,-0.00796117,0.02660214,0.05353175,0.06308153,0.06101251,3.37151916e-18,-0.27342721,-0.01095662,0.03053612,0.06308153,0.07486025,0.07265105,-2.40276807e-17,-0.26585544,-0.01136799,0.02914732,0.06101251,0.07265105,0.07067912,0,1.09469942e-17,-3.78172384e-18,-3.3189751e-17,3.37151916e-18,-2.40276807e-17,0,1.11022302e-16]}]},{\"type\":\"double\",\"attributes\":{},\"value\":[2734.09454414]},{\"type\":\"double\",\"attributes\":{},\"value\":[2712.70735039]},{\"type\":\"integer\",\"attributes\":{\"tsp\":{\"type\":\"double\",\"attributes\":{},\"value\":[1,352,1]},\"class\":{\"type\":\"character\",\"attributes\":{},\"value\":[\"ts\"]}},\"value\":[0,0,1,3,6,9,17,40,60,67,51,17,6,5,11,28,40,27,41,38,57,34,16,1,0,\"NA\",0,15,65,52,54,77,50,\"NA\",9,1,0,1,0,0,\"NA\",21,23,26,40,45,40,8,0,0,1,\"NA\",2,9,23,20,\"NA\",\"NA\",12,23,44,33,32,31,\"NA\",\"NA\",37,59,72,\"NA\",58,14,\"NA\",3,1,\"NA\",\"NA\",18,23,16,\"NA\",\"NA\",66,52,24,7,\"NA\",\"NA\",4,13,49,51,59,86,\"NA\",26,53,25,11,7,11,15,52,65,60,95,97,68,26,7,3,0,0,1,5,\"NA\",28,\"NA\",\"NA\",47,61,54,\"NA\",11,3,\"NA\",\"NA\",41,\"NA\",52,69,110,104,97,41,6,8,8,15,28,68,67,\"NA\",132,\"NA\",59,103,169,132,\"NA\",74,134,99,86,131,160,\"NA\",138,43,26,4,1,7,13,45,75,69,83,42,49,48,17,5,0,0,3,19,50,51,60,49,28,9,4,1,0,0,2,7,22,22,\"NA\",39,\"NA\",104,\"NA\",36,\"NA\",2,0,12,56,73,\"NA\",118,147,135,165,161,\"NA\",\"NA\",8,26,61,116,\"NA\",203,285,238,166,122,39,8,0,4,17,95,100,\"NA\",152,\"NA\",128,\"NA\",78,\"NA\",5,5,36,97,103,141,202,111,210,135,78,42,\"NA\",17,41,94,134,102,164,229,247,144,87,22,\"NA\",\"NA\",2,29,\"NA\",77,61,84,93,76,38,9,\"NA\",\"NA\",0,2,44,44,92,108,\"NA\",158,213,94,33,\"NA\",\"NA\",\"NA\",23,51,89,77,83,53,48,29,2,\"NA\",\"NA\",\"NA\",9,26,26,39,48,69,69,77,30,7,1,0,\"NA\",\"NA\",\"NA\",\"NA\",\"NA\",\"NA\",\"NA\",\"NA\",\"NA\",\"NA\",\"NA\",\"NA\",\"NA\",\"NA\",\"NA\",\"NA\",99,\"NA\",\"NA\",\"NA\",102,104,108,56,30,52,191,\"NA\",\"NA\",334,301,267,241,145,\"NA\",27,3,29,82,214,\"NA\"]},{\"type\":\"double\",\"attributes\":{\"tsp\":{\"type\":\"double\",\"attributes\":{},\"value\":[1,352,1]},\"class\":{\"type\":\"character\",\"attributes\":{},\"value\":[\"ts\"]}},\"value\":[0,0,0.07916303,1.31478121,3.47899354,6.33727345,8.94708824,17.43881376,40.9617329,57.89106027,59.36481818,37.90041925,3.69683788,2.339475,9.13315679,18.12949285,32.82677536,37.75050673,22.52114662,38.41514274,34.1790492,55.09607556,28.54700298,7.60632403,0.59023065,\"NA\",9.32197739,5.69166858,19.86543016,69.71287403,47.91283891,44.91288293,66.94648178,\"NA\",26.78313614,3.40203082,1.30458077,10.9472118,7.97635294,4.9939891,\"NA\",12.94480725,26.53573017,24.34533596,24.91129731,38.24552182,42.70209984,36.17085084,0.9602042,-2.17966215,5.62972918,\"NA\",12.35308532,3.25887006,12.50560152,27.77767454,\"NA\",\"NA\",14.994304,12.05061572,26.96214478,45.05309824,28.61908622,26.54824845,\"NA\",\"NA\",29.92863926,34.23719537,57.1056839,\"NA\",57.01860051,45.17389713,\"NA\",1.76856803,9.61641904,\"NA\",\"NA\",18.71556751,20.49302902,25.58571143,\"NA\",\"NA\",38.25828889,62.87722656,43.89820344,11.88295157,\"NA\",\"NA\",11.51366603,11.86707875,17.22782758,53.78254126,49.23426656,53.13449343,\"NA\",52.39105211,18.17108353,49.74520102,20.94577745,15.27636083,8.4481525,11.73470407,26.01964343,57.06745438,63.24248733,51.46898541,87.43639433,84.31468483,55.04615432,13.31858735,-0.52986912,12.42359295,12.80277855,9.45011058,5.6064289,\"NA\",22.53221864,\"NA\",\"NA\",38.85563519,43.89167439,58.01354545,\"NA\",32.35725074,6.59727476,\"NA\",\"NA\",30.38766953,\"NA\",44.78959773,47.16474405,65.33813074,105.17861112,91.0888696,78.47378305,21.54365793,-3.18850368,17.47618122,18.5473822,27.45587483,31.6744988,69.92858815,\"NA\",81.49777304,\"NA\",86.49678175,43.43236614,93.68414174,166.37534462,\"NA\",87.17576669,47.0681182,130.95023148,101.96393541,73.70583403,120.19675665,\"NA\",139.13450296,117.10545728,13.48596192,24.35448458,19.22208675,21.29323897,29.29507106,20.30545532,61.51384576,85.35067232,69.39443551,79.85381384,32.3959697,51.6288465,55.34499405,18.67489163,14.9751879,6.23370075,15.95466547,20.49613863,29.51430574,59.69768133,53.92291968,60.36508574,44.64325699,24.06982904,13.43952875,10.55759666,12.65371175,11.21546795,9.68666453,10.92591999,16.24737896,30.86926183,\"NA\",32.59189133,\"NA\",59.74855592,\"NA\",72.30777814,\"NA\",8.7974071,7.83058352,14.99249857,22.31432465,61.87311322,\"NA\",83.2386741,105.59410957,128.8151566,115.55995646,143.7347051,\"NA\",\"NA\",56.38088112,-1.26926806,40.34496107,80.77714932,\"NA\",141.56323765,179.59829715,260.28481399,194.32348124,119.39650036,88.11398774,21.73632298,25.97252525,18.46367626,22.02820888,41.04692301,111.9013832,\"NA\",115.83736888,\"NA\",122.32168,\"NA\",95.06966836,\"NA\",50.89171895,12.68639761,22.1878507,58.30013061,115.87445924,105.48459059,133.22614656,189.80088096,85.28476317,201.90259251,108.33851596,58.70705595,\"NA\",33.44107421,47.67695691,57.36166972,106.68007304,139.00162087,94.23791194,156.19112723,215.6155422,227.14274185,111.05818155,49.45339551,\"NA\",\"NA\",43.02686719,22.82683525,\"NA\",71.28524089,87.66259523,62.87367842,84.2972104,95.03405135,75.46127818,37.95757219,\"NA\",\"NA\",26.16689346,21.75964712,17.74059004,58.84650045,54.21910727,99.08839108,\"NA\",112.87240273,147.73016217,192.70793327,64.06945561,\"NA\",\"NA\",\"NA\",43.57482671,37.06137626,61.27559595,96.35470873,74.87995647,77.24754331,44.96013168,46.97241329,36.24807747,\"NA\",\"NA\",\"NA\",28.73589397,23.25807151,34.53429438,33.51470858,45.46741416,51.69426367,69.50688598,67.19352844,71.34246243,21.8565527,4.22381406,9.44732244,\"NA\",\"NA\",\"NA\",\"NA\",\"NA\",\"NA\",\"NA\",\"NA\",\"NA\",\"NA\",\"NA\",\"NA\",\"NA\",\"NA\",\"NA\",\"NA\",70.2586642,\"NA\",\"NA\",\"NA\",80.12073484,93.02987176,96.0898877,97.69557624,42.77379465,25.06601918,59.22483004,\"NA\",\"NA\",236.88363591,276.13340358,234.61826061,223.7402794,199.87123305,\"NA\",75.73362118,28.50869778,23.55910142,63.62183156,106.69425176,\"NA\"]}]}"]
